Orthogonality matrix for nchani,nchanf=  1  1 
     1.00000     0.00002     0.00024     0.00020     0.00020     0.00021    -0.00020     0.00016    -0.00012    -0.00010    -0.00009     0.00008    -0.00007     0.00006    -0.00006     0.00006    -0.00006    -0.00005     0.00005    -0.00004
     0.00002     0.50290    -0.43961     0.03570     0.09714     0.10654    -0.08754     0.05696    -0.03387    -0.02086    -0.01426     0.01095    -0.00918     0.00815    -0.00748     0.00699    -0.00655    -0.00608     0.00552    -0.00490
     0.00024    -0.43961     0.40510    -0.14491    -0.08446    -0.06744     0.05124    -0.03526     0.02460     0.01903     0.01613    -0.01460     0.01361    -0.01295     0.01240    -0.01193     0.01136     0.01058    -0.00952     0.00830
     0.00020     0.03570    -0.14491     0.84600    -0.15394    -0.14827     0.11955    -0.08077     0.05233     0.03649     0.02825    -0.02395     0.02143    -0.01986     0.01872    -0.01781     0.01686     0.01569    -0.01419     0.01248
     0.00020     0.09714    -0.08446    -0.15394     0.83663    -0.16160     0.13353    -0.09280     0.06207     0.04449     0.03505    -0.02993     0.02684    -0.02485     0.02338    -0.02222     0.02102     0.01958    -0.01777     0.01570
     0.00021     0.10654    -0.06744    -0.14827    -0.16160     0.83603     0.13992    -0.10128     0.07093     0.05291     0.04281    -0.03702     0.03338    -0.03094     0.02912    -0.02766     0.02617     0.02440    -0.02221     0.01971
    -0.00020    -0.08754     0.05124     0.11955     0.13353     0.13992     0.87563     0.09454    -0.06970    -0.05421    -0.04504     0.03946    -0.03577     0.03322    -0.03128     0.02971    -0.02811    -0.02623     0.02395    -0.02133
     0.00016     0.05696    -0.03526    -0.08077    -0.09280    -0.10128     0.09454     0.92414     0.05891     0.04765     0.04055    -0.03594     0.03275    -0.03047     0.02872    -0.02728     0.02582     0.02412    -0.02207     0.01972
    -0.00012    -0.03387     0.02460     0.05233     0.06207     0.07093    -0.06970     0.05891     0.95211    -0.04002    -0.03471     0.03105    -0.02843     0.02651    -0.02501     0.02376    -0.02250    -0.02103     0.01928    -0.01727
    -0.00010    -0.02086     0.01903     0.03649     0.04449     0.05291    -0.05421     0.04765    -0.04002     0.96582    -0.03003     0.02705    -0.02486     0.02321    -0.02192     0.02084    -0.01974    -0.01846     0.01695    -0.01521
    -0.00009    -0.01426     0.01613     0.02825     0.03505     0.04281    -0.04504     0.04055    -0.03471    -0.03003     0.97340     0.02407    -0.02217     0.02073    -0.01959     0.01863    -0.01766    -0.01652     0.01518    -0.01363
     0.00008     0.01095    -0.01460    -0.02395    -0.02993    -0.03702     0.03946    -0.03594     0.03105     0.02705     0.02407     0.97817     0.02014    -0.01885     0.01782    -0.01696     0.01608     0.01505    -0.01383     0.01243
    -0.00007    -0.00918     0.01361     0.02143     0.02684     0.03338    -0.03577     0.03275    -0.02843    -0.02486    -0.02217     0.02014     0.98140     0.01742    -0.01648     0.01568    -0.01487    -0.01392     0.01280    -0.01150
     0.00006     0.00815    -0.01295    -0.01986    -0.02485    -0.03094     0.03322    -0.03047     0.02651     0.02321     0.02073    -0.01885     0.01742     0.98368     0.01544    -0.01470     0.01394     0.01305    -0.01200     0.01079
    -0.00006    -0.00748     0.01240     0.01872     0.02338     0.02912    -0.03128     0.02872    -0.02501    -0.02192    -0.01959     0.01782    -0.01648     0.01544     0.98538     0.01392    -0.01320    -0.01236     0.01137    -0.01022
     0.00006     0.00699    -0.01193    -0.01781    -0.02222    -0.02766     0.02971    -0.02728     0.02376     0.02084     0.01863    -0.01696     0.01568    -0.01470     0.01392     0.98675     0.01257     0.01177    -0.01083     0.00973
    -0.00006    -0.00655     0.01136     0.01686     0.02102     0.02617    -0.02811     0.02582    -0.02250    -0.01974    -0.01766     0.01608    -0.01487     0.01394    -0.01320     0.01257     0.98808    -0.01117     0.01027    -0.00923
    -0.00005    -0.00608     0.01058     0.01569     0.01958     0.02440    -0.02623     0.02412    -0.02103    -0.01846    -0.01652     0.01505    -0.01392     0.01305    -0.01236     0.01177    -0.01117     0.98954     0.00962    -0.00865
     0.00005     0.00552    -0.00952    -0.01419    -0.01777    -0.02221     0.02395    -0.02207     0.01928     0.01695     0.01518    -0.01383     0.01280    -0.01200     0.01137    -0.01083     0.01027     0.00962     0.99115     0.00796
    -0.00004    -0.00490     0.00830     0.01248     0.01570     0.01971    -0.02133     0.01972    -0.01727    -0.01521    -0.01363     0.01243    -0.01150     0.01079    -0.01022     0.00973    -0.00923    -0.00865     0.00796     0.99284
