  -1.67087  -0.00000   0.00000   0.00000   0.00000  -0.00000   0.00000  -0.00000  -0.00000  -0.00000   0.00000   0.00000  -0.00000   0.00000  -0.00000  -0.00000   0.00000   0.00000   0.00000   0.00000
  -0.00000   0.12088   0.00000   0.00000   0.00000  -0.00000   0.00000  -0.00000  -0.00000  -0.00000   0.00000   0.00000  -0.00000   0.00000  -0.00000  -0.00000   0.00000   0.00000   0.00000   0.00000
   0.00000   0.00000   0.36741  -0.00001  -0.00001   0.00001  -0.00001   0.00001   0.00001   0.00001  -0.00001  -0.00001   0.00001  -0.00001   0.00001   0.00001  -0.00001  -0.00001  -0.00001  -0.00001
   0.00000   0.00000  -0.00001   0.75927  -0.00003   0.00004  -0.00004   0.00004   0.00004   0.00004  -0.00003  -0.00003   0.00003  -0.00003   0.00003   0.00003  -0.00003  -0.00003  -0.00002  -0.00002
   0.00000   0.00000  -0.00001  -0.00003   1.32009   0.00007  -0.00008   0.00008   0.00007   0.00007  -0.00007  -0.00007   0.00006  -0.00006   0.00006   0.00006  -0.00006  -0.00005  -0.00005  -0.00005
  -0.00000  -0.00000   0.00001   0.00004   0.00007   2.08349   0.00013  -0.00013  -0.00012  -0.00012   0.00012   0.00011  -0.00011   0.00010  -0.00010  -0.00010   0.00009   0.00009   0.00008   0.00008
   0.00000   0.00000  -0.00001  -0.00004  -0.00008   0.00013   3.09716   0.00019   0.00019   0.00018  -0.00018  -0.00017   0.00017  -0.00016   0.00015   0.00015  -0.00014  -0.00013  -0.00013  -0.00012
  -0.00000  -0.00000   0.00001   0.00004   0.00008  -0.00013   0.00019   4.43186  -0.00027  -0.00026   0.00025   0.00024  -0.00024   0.00023  -0.00022  -0.00021   0.00020   0.00019   0.00018   0.00017
  -0.00000  -0.00000   0.00001   0.00004   0.00007  -0.00012   0.00019  -0.00027   6.18969  -0.00036   0.00035   0.00033  -0.00032   0.00031  -0.00030  -0.00029   0.00028   0.00026   0.00025   0.00023
  -0.00000  -0.00000   0.00001   0.00004   0.00007  -0.00012   0.00018  -0.00026  -0.00036   8.52705   0.00046   0.00045  -0.00043   0.00042  -0.00040  -0.00039   0.00037   0.00035   0.00033   0.00030
   0.00000   0.00000  -0.00001  -0.00003  -0.00007   0.00012  -0.00018   0.00025   0.00035   0.00046  11.67730  -0.00059   0.00057  -0.00055   0.00053   0.00051  -0.00049  -0.00046  -0.00044  -0.00040
   0.00000   0.00000  -0.00001  -0.00003  -0.00007   0.00011  -0.00017   0.00024   0.00033   0.00045  -0.00059  16.01799   0.00075  -0.00073   0.00070   0.00067  -0.00065  -0.00061  -0.00058  -0.00053
  -0.00000  -0.00000   0.00001   0.00003   0.00006  -0.00011   0.00017  -0.00024  -0.00032  -0.00043   0.00057   0.00075  22.14120   0.00097  -0.00094  -0.00090   0.00086   0.00082   0.00077   0.00071
   0.00000   0.00000  -0.00001  -0.00003  -0.00006   0.00010  -0.00016   0.00023   0.00031   0.00042  -0.00055  -0.00073   0.00097  31.07596   0.00127   0.00122  -0.00117  -0.00111  -0.00104  -0.00096
  -0.00000  -0.00000   0.00001   0.00003   0.00006  -0.00010   0.00015  -0.00022  -0.00030  -0.00040   0.00053   0.00070  -0.00094   0.00127  44.49442  -0.00169   0.00161   0.00154   0.00144   0.00133
  -0.00000  -0.00000   0.00001   0.00003   0.00006  -0.00010   0.00015  -0.00021  -0.00029  -0.00039   0.00051   0.00067  -0.00090   0.00122  -0.00169  65.47903   0.00228   0.00217   0.00204   0.00189
   0.00000   0.00000  -0.00001  -0.00003  -0.00006   0.00009  -0.00014   0.00020   0.00028   0.00037  -0.00049  -0.00065   0.00086  -0.00117   0.00161   0.00228  98.75121  -0.00313  -0.00294  -0.00272
   0.00000   0.00000  -0.00001  -0.00003  -0.00005   0.00009  -0.00013   0.00019   0.00026   0.00035  -0.00046  -0.00061   0.00082  -0.00111   0.00154   0.00217  -0.00313 153.09340  -0.00434  -0.00401
   0.00000   0.00000  -0.00001  -0.00002  -0.00005   0.00008  -0.00013   0.00018   0.00025   0.00033  -0.00044  -0.00058   0.00077  -0.00104   0.00144   0.00204  -0.00294  -0.00434 246.30923  -0.00607
   0.00000   0.00000  -0.00001  -0.00002  -0.00005   0.00008  -0.00012   0.00017   0.00023   0.00030  -0.00040  -0.00053   0.00071  -0.00096   0.00133   0.00189  -0.00272  -0.00401  -0.00607 426.96754
   0.11893  -0.00000  -0.00000  -0.00000   0.00000  -0.00000  -0.00000   0.00000   0.00000  -0.00000   0.00000  -0.00000  -0.00000   0.00000   0.00000   0.00000   0.00000   0.00000   0.00000  -0.00000
  -0.00000   0.35090  -0.00001  -0.00001   0.00001  -0.00001  -0.00001   0.00001   0.00001  -0.00001   0.00001  -0.00001  -0.00001   0.00001   0.00001   0.00001   0.00001   0.00001   0.00001  -0.00001
  -0.00000  -0.00001   0.69064  -0.00002   0.00003  -0.00003  -0.00003   0.00003   0.00003  -0.00003   0.00003  -0.00003  -0.00003   0.00003   0.00002   0.00002   0.00002   0.00002   0.00002  -0.00002
  -0.00000  -0.00001  -0.00002   1.11936   0.00005  -0.00005  -0.00005   0.00005   0.00005  -0.00005   0.00005  -0.00005  -0.00005   0.00004   0.00004   0.00004   0.00004   0.00004   0.00004  -0.00003
   0.00000   0.00001   0.00003   0.00005   1.65685   0.00008   0.00009  -0.00009  -0.00009   0.00008  -0.00008   0.00008   0.00008  -0.00007  -0.00007  -0.00007  -0.00006  -0.00006  -0.00006   0.00005
  -0.00000  -0.00001  -0.00003  -0.00005   0.00008   2.39515  -0.00014   0.00014   0.00013  -0.00013   0.00013  -0.00012  -0.00012   0.00011   0.00011   0.00011   0.00010   0.00010   0.00009  -0.00008
  -0.00000  -0.00001  -0.00003  -0.00005   0.00009  -0.00014   3.40752   0.00020   0.00020  -0.00019   0.00019  -0.00018  -0.00017   0.00017   0.00016   0.00016   0.00015   0.00014   0.00013  -0.00012
   0.00000   0.00001   0.00003   0.00005  -0.00009   0.00014   0.00020   4.76267  -0.00028   0.00027  -0.00026   0.00025   0.00024  -0.00024  -0.00023  -0.00022  -0.00021  -0.00020  -0.00019   0.00017
   0.00000   0.00001   0.00003   0.00005  -0.00009   0.00013   0.00020  -0.00028   6.55891   0.00037  -0.00036   0.00034   0.00033  -0.00032  -0.00031  -0.00030  -0.00028  -0.00027  -0.00025   0.00024
  -0.00000  -0.00001  -0.00003  -0.00005   0.00008  -0.00013  -0.00019   0.00027   0.00037   8.95644   0.00047  -0.00046  -0.00044   0.00043   0.00041   0.00039   0.00038   0.00036   0.00034  -0.00031
   0.00000   0.00001   0.00003   0.00005  -0.00008   0.00013   0.00019  -0.00026  -0.00036   0.00047  12.19469   0.00060   0.00058  -0.00056  -0.00054  -0.00052  -0.00050  -0.00047  -0.00045   0.00041
  -0.00000  -0.00001  -0.00003  -0.00005   0.00008  -0.00012  -0.00018   0.00025   0.00034  -0.00046   0.00060  16.66673  -0.00077   0.00074   0.00072   0.00069   0.00066   0.00063   0.00059  -0.00055
  -0.00000  -0.00001  -0.00003  -0.00005   0.00008  -0.00012  -0.00017   0.00024   0.00033  -0.00044   0.00058  -0.00077  22.98809   0.00099   0.00095   0.00092   0.00088   0.00083   0.00078  -0.00073
   0.00000   0.00001   0.00003   0.00004  -0.00007   0.00011   0.00017  -0.00024  -0.00032   0.00043  -0.00056   0.00074   0.00099  32.22058  -0.00129  -0.00124  -0.00119  -0.00113  -0.00106   0.00099
   0.00000   0.00001   0.00002   0.00004  -0.00007   0.00011   0.00016  -0.00023  -0.00031   0.00041  -0.00054   0.00072   0.00095  -0.00129  46.09212  -0.00171  -0.00164  -0.00156  -0.00147   0.00136
   0.00000   0.00001   0.00002   0.00004  -0.00007   0.00011   0.00016  -0.00022  -0.00030   0.00039  -0.00052   0.00069   0.00092  -0.00124  -0.00171  67.65885  -0.00231  -0.00220  -0.00207   0.00192
   0.00000   0.00001   0.00002   0.00004  -0.00006   0.00010   0.00015  -0.00021  -0.00028   0.00038  -0.00050   0.00066   0.00088  -0.00119  -0.00164  -0.00231 101.81557  -0.00316  -0.00297   0.00276
   0.00000   0.00001   0.00002   0.00004  -0.00006   0.00010   0.00014  -0.00020  -0.00027   0.00036  -0.00047   0.00063   0.00083  -0.00113  -0.00156  -0.00220  -0.00316 157.49745  -0.00437   0.00406
   0.00000   0.00001   0.00002   0.00004  -0.00006   0.00009   0.00013  -0.00019  -0.00025   0.00034  -0.00045   0.00059   0.00078  -0.00106  -0.00147  -0.00207  -0.00297  -0.00437 251.62350   0.00610
  -0.00000  -0.00001  -0.00002  -0.00003   0.00005  -0.00008  -0.00012   0.00017   0.00024  -0.00031   0.00041  -0.00055  -0.00073   0.00099   0.00136   0.00192   0.00276   0.00406   0.00610 432.47637
