
 # S.p. Hamiltonian for channel  1 and configuration p1.5
    -0.91469     3.28136     2.45949     2.30071     1.91051     1.34045     0.78071     0.34673     0.06786    -0.07699    -0.12708    -0.12089    -0.08817    -0.04844    -0.01256     0.01482     0.03291     0.04297     0.04706     0.04731
     3.28136    14.18583    12.21295     6.17005     3.54692     2.38839     1.72996     1.22433     0.79514     0.44809     0.19463     0.03213    -0.05435    -0.08520    -0.08050    -0.05684    -0.02615     0.00401     0.02962     0.04916
     2.45949    12.21295    23.07270    19.15632    10.46806     5.81180     3.49333     2.31071     1.61621     1.12670     0.74404     0.44411     0.22246     0.07378    -0.01248    -0.05042    -0.05475    -0.03860    -0.01232     0.01676
     2.30071     6.17005    19.15632    30.20410    25.27617    14.85123     8.52726     5.01308     3.12872     2.08547     1.44592     1.00153     0.66675     0.41124     0.22387     0.09697     0.02139    -0.01374    -0.01969    -0.00674
     1.91051     3.54692    10.46806    25.27617    36.37257    30.76218    19.09775    11.42855     6.81044     4.17490     2.68973     1.82050     1.26747     0.88092     0.59376     0.37820     0.22181     0.11634     0.05357     0.02461
     1.34045     2.38839     5.81180    14.85123    30.76218    41.85192    35.75226    23.16561    14.40383     8.79753     5.41582     3.43866     2.27932     1.57043     1.10474     0.77566     0.53258     0.35236     0.22336     0.13762
     0.78071     1.72996     3.49333     8.52726    19.09775    35.75226    46.82408    40.35832    27.05901    17.39532    10.91099     6.81264     4.32192     2.83113     1.92640     1.35273     0.96572     0.68938     0.48604     0.33710
     0.34673     1.22433     2.31071     5.01308    11.42855    23.16561    40.35832    51.40979    44.65794    30.78975    20.36950    13.10538     8.33081     5.32335     3.47531     2.34350     1.63531     1.17240     0.85333     0.62375
     0.06786     0.79514     1.61621     3.12872     6.81044    14.40383    27.05901    44.65794    55.68799    48.70467    34.37071    23.30709    15.34895     9.94237     6.42634     4.20687     2.82479     1.95918     1.40257     1.02940
    -0.07699     0.44809     1.12670     2.08547     4.17490     8.79753    17.39532    30.78975    48.70467    59.71305    52.53770    37.81479    26.19767    17.61968    11.62530     7.61556     5.01882     3.37006     2.32810     1.66128
    -0.12708     0.19463     0.74404     1.44592     2.68973     5.41582    10.91099    20.36950    34.37071    52.53770    63.52494    56.18724    41.13432    29.03608    19.90220    13.36229     8.87745     5.90350     3.97712     2.74365
    -0.12089     0.03213     0.44411     1.00153     1.82050     3.43866     6.81264    13.10538    23.30709    37.81479    56.18724    67.15431    59.67723    44.34050    31.82024    22.18565    15.13970    10.20018     6.85322     4.64266
    -0.08817    -0.05435     0.22246     0.66675     1.26747     2.27932     4.32192     8.33081    15.34895    26.19767    41.13432    59.67723    70.62525    63.02697    47.44333    34.54986    24.46229    16.94670    11.57361     7.86066
    -0.04844    -0.08520     0.07378     0.41124     0.88092     1.57043     2.83113     5.32335     9.94237    17.61968    29.03608    44.34050    63.02697    73.95707    66.25223    50.45159    37.22567    26.72658    18.77470    12.98910
    -0.01256    -0.08050    -0.01248     0.22387     0.59376     1.10474     1.92640     3.47531     6.42634    11.62530    19.90220    31.82024    47.44333    66.25223    77.16548    69.36603    53.37302    39.84903    28.97458    20.61686
     0.01482    -0.05684    -0.05042     0.09697     0.37820     0.77566     1.35273     2.34350     4.20687     7.61556    13.36229    22.18565    34.54986    50.45159    69.36603    80.26342    72.37928    56.21443    42.42162    31.20353
     0.03291    -0.02615    -0.05475     0.02139     0.22181     0.53258     0.96572     1.63531     2.82479     5.01882     8.87745    15.13970    24.46229    37.22567    53.37302    72.37928    83.26173    75.30126    58.98181    44.94538
     0.04297     0.00401    -0.03860    -0.01374     0.11634     0.35236     0.68938     1.17240     1.95918     3.37006     5.90350    10.20018    16.94670    26.72658    39.84903    56.21443    75.30126    86.16957    78.13994    61.68038
     0.04706     0.02962    -0.01232    -0.01969     0.05357     0.22336     0.48604     0.85333     1.40257     2.32810     3.97712     6.85322    11.57361    18.77470    28.97458    42.42162    58.98181    78.13994    88.99465    80.90246
     0.04731     0.04916     0.01676    -0.00674     0.02461     0.13762     0.33710     0.62375     1.02940     1.66128     2.74365     4.64266     7.86066    12.98910    20.61686    31.20353    44.94538    61.68038    80.90246    91.74313

 # S.p. Hamiltonian for channel  1 and configuration p0.5
     4.29193     5.40833     2.50844     1.56953     1.15722     0.85497     0.58928     0.36862     0.20372     0.09335     0.02801    -0.00448    -0.01545    -0.01380    -0.00584     0.00440     0.01458     0.02354     0.03085     0.03652
     5.40833    16.78391    13.94912     6.82384     3.43876     1.93070     1.22992     0.84566     0.58829     0.39606     0.25149     0.14803     0.07967     0.03928     0.01952     0.01376     0.01663     0.02418     0.03372     0.04358
     2.50844    13.94912    25.23705    20.82417    11.33636     5.98499     3.23325     1.87566     1.19069     0.81001     0.56729     0.39512     0.26818     0.17628     0.11336     0.07401     0.05286     0.04487     0.04575     0.05207
     1.56953     6.82384    20.82417    32.09825    26.80661    15.77038     8.85648     4.91415     2.79732     1.68791     1.09401     0.75236     0.53467     0.38328     0.27354     0.19453     0.14014     0.10568     0.08685     0.07969
     1.15722     3.43876    11.33636    26.80661    38.05113    32.17364    20.03222    11.86355     6.84248     3.94869     2.34669     1.47067     0.98051     0.68926     0.50158     0.37180     0.27883     0.21257     0.16732     0.13896
     0.85497     1.93070     5.98499    15.77038    32.17364    43.37866    37.07516    24.10257    14.91100     8.93076     5.28236     3.15650     1.95074     1.26930     0.87439     0.63306     0.47540     0.36645     0.28911     0.23473
     0.58928     1.22992     3.23325     8.85648    20.03222    37.07516    48.23965    41.61024    27.98888    17.95028    11.12125     6.75794     4.09987     2.53390     1.62714     1.10049     0.78629     0.58966     0.45959     0.36970
     0.36862     0.84566     1.87566     4.91415    11.86355    24.10257    41.61024    52.73684    45.84897    31.70639    20.95586    13.37492     8.34270     5.15796     3.21428     2.05657     1.37378     0.96781     0.71965     0.56129
     0.20372     0.58829     1.19069     2.79732     6.84248    14.91100    27.98888    45.84897    56.94117    49.84245    35.27121    23.91421    15.66484    10.01067     6.31305     3.98362     2.55663     1.69746     1.18227     0.86968
     0.09335     0.39606     0.81001     1.68791     3.94869     8.93076    17.95028    31.70639    49.84245    60.90350    53.62878    38.69817    26.81840    17.97222    11.74144     7.54946     4.83299     3.12436     2.07258     1.43268
     0.02801     0.25149     0.56729     1.09401     2.34669     5.28236    11.12125    20.95586    35.27121    53.62878    64.66155    57.23718    42.00049    29.66542    20.28390    13.51904     8.85367     5.75362     3.75576     2.49874
    -0.00448     0.14803     0.39512     0.75236     1.47067     3.15650     6.75794    13.37492    23.91421    38.69817    57.23718    68.24413    60.69060    45.18974    32.45454    22.59061    15.33098    10.21420     6.73728     4.44634
    -0.01545     0.07967     0.26818     0.53467     0.98051     1.95074     4.09987     8.34270    15.66484    26.81840    42.00049    60.69060    71.67392    64.00751    48.27609    35.18641    24.88583    17.16743    11.62131     7.77642
    -0.01380     0.03928     0.17628     0.38328     0.68926     1.26930     2.53390     5.15796    10.01067    17.97222    29.66542    45.18974    64.00751    74.96912    67.20304    51.26842    37.86248    27.16497    19.02061    13.06680
    -0.00584     0.01952     0.11336     0.27354     0.50158     0.87439     1.62714     3.21428     6.31305    11.74144    20.28390    32.45454    48.27609    67.20304    78.14463    70.28974    54.17453    40.48460    29.42485    20.88437
     0.00440     0.01376     0.07401     0.19453     0.37180     0.63306     1.10049     2.05657     3.98362     7.54946    13.51904    22.59061    35.18641    51.26842    70.28974    81.21280    73.27817    57.00125    43.05487    31.66326
     0.01458     0.01663     0.05286     0.14014     0.27883     0.47540     0.78629     1.37378     2.55663     4.83299     8.85367    15.33098    24.88583    37.86248    54.17453    73.27817    84.18401    76.17728    59.75458    45.57550
     0.02354     0.02418     0.04487     0.10568     0.21257     0.36645     0.58966     0.96781     1.69746     3.12436     5.75362    10.21420    17.16743    27.16497    40.48460    57.00125    76.17728    87.06703    78.99483    62.43974
     0.03085     0.03372     0.04575     0.08685     0.16732     0.28911     0.45959     0.71965     1.18227     2.07258     3.75576     6.73728    11.62131    19.02061    29.42485    43.05487    59.75458    78.99483    89.86928    81.73773
     0.03652     0.04358     0.05207     0.07969     0.13896     0.23473     0.36970     0.56129     0.86968     1.43268     2.49874     4.44634     7.77642    13.06680    20.88437    31.66326    45.57550    62.43974    81.73773    92.59666
