
 # S.p. Hamiltonian for channel  1 and configuration s0.5
   -24.22452    -4.75029     1.00163     2.60714     2.38318     1.61836     0.88528     0.36677     0.06827    -0.06625    -0.09991    -0.08248    -0.04648    -0.00990     0.01937     0.03945     0.05149     0.05775     0.06053     0.06165     0.06238     0.06344     0.06514     0.06752     0.07048     0.07383     0.07741     0.08106     0.08469     0.08822     0.09163     0.09492     0.09811     0.10121     0.10426     0.10729     0.11031     0.11334     0.11638     0.11944
    -4.75029     0.93851     3.43787     2.44847     2.51694     2.52702     2.23201     1.72951     1.17980     0.69869     0.33931     0.10734    -0.01776    -0.06591    -0.06607    -0.04141    -0.00801     0.02444     0.05116     0.07070     0.08355     0.09113     0.09512     0.09705     0.09812     0.09917     0.10070     0.10291     0.10584     0.10939     0.11342     0.11775     0.12224     0.12675     0.13120     0.13553     0.13971     0.14375     0.14764     0.15142
     1.00163     3.43787    10.93622    10.53911     6.44275     4.43037     3.40731     2.74517     2.17780     1.64049     1.14937     0.73523     0.41670     0.19520     0.05903    -0.01022    -0.03237    -0.02516    -0.00259     0.02545     0.05275     0.07605     0.09415     0.10717     0.11593     0.12154     0.12510     0.12756     0.12964     0.13182     0.13439     0.13747     0.14107     0.14512     0.14951     0.15413     0.15887     0.16365     0.16839     0.17304
     2.60714     2.44847    10.53911    18.60045    16.63336    10.56721     6.90620     4.79329     3.53617     2.69971     2.06116     1.53018     1.08223     0.71658     0.43499     0.23390     0.10369     0.03082     0.00051    -0.00109     0.01436     0.03800     0.06365     0.08753     0.10769     0.12353     0.13525     0.14353     0.14924     0.15324     0.15627     0.15892     0.16160     0.16457     0.16794     0.17176     0.17599     0.18054     0.18534     0.19028
     2.38318     2.51694     6.44275    16.63336    24.77349    21.87875    14.53387     9.62532     6.52835     4.60926     3.38282     2.53887     1.90619     1.40287     0.99533     0.67109     0.42374     0.24625     0.12917     0.06120     0.03042     0.02564     0.03723     0.05757     0.08111     0.10417     0.12464     0.14157     0.15483     0.16478     0.17206     0.17738     0.18142     0.18476     0.18784     0.19099     0.19439     0.19816     0.20230     0.20678
     1.61836     2.52702     4.43037    10.56721    21.87875    30.04645    26.55869    18.31541    12.43089     8.47090     5.89490     4.22422     3.10770     2.31939     1.72884     1.26767     0.90261     0.61735     0.40198     0.24783     0.14566     0.08556     0.05760     0.05251     0.06228     0.08044     0.10217     0.12411     0.14421     0.16142     0.17542     0.18637     0.19473     0.20107     0.20598     0.20999     0.21356     0.21700     0.22056     0.22437
     0.88528     2.23201     3.40731     6.90620    14.53387    26.55869    34.72958    30.82049    21.90529    15.23812    10.52997     7.33437     5.20450     3.77682     2.79208     2.08276     1.54920     1.13587     0.81298     0.56389     0.37765     0.24518     0.15767     0.10633     0.08266     0.07885     0.08815     0.10509     0.12548     0.14638     0.16589     0.18297     0.19724     0.20873     0.21777     0.22482     0.23040     0.23499     0.23899     0.24275
     0.36677     1.72951     2.74517     4.79329     9.62532    18.31541    30.82049    38.97782    34.75073    25.31396    18.00792    12.65204     8.88466     6.30097     4.54248     3.33253     2.47741     1.85147     1.37818     1.01296     0.73016     0.51424     0.35439     0.24172     0.16803     0.12547     0.10665     0.10493     0.11458     0.13092     0.15037     0.17036     0.18921     0.20595     0.22018     0.23188     0.24130     0.24882     0.25488     0.25991
     0.06827     1.17980     2.17780     3.53617     6.52835    12.43089    21.90529    34.75073    42.88799    38.41256    28.55964    20.72327    14.80397    10.51341     7.49157     5.39508     3.94119     2.91893     2.18228     1.63608     1.22116     0.90177     0.65621     0.47046     0.33438     0.23960     0.17860     0.14435     0.13044     0.13112     0.14150     0.15761     0.17637     0.19557     0.21374     0.23002     0.24403     0.25574     0.26532     0.27312
    -0.06625     0.69869     1.64049     2.69971     4.60926     8.47090    15.23812    25.31396    38.41256    46.52830    41.85334    31.66033    23.37669    16.96399    12.19614     8.75690     6.32347     4.61469     3.40946     2.54645     1.91473     1.44156     1.08085     0.80383     0.59223     0.43365     0.31881     0.24002     0.19043     0.16380     0.15451     0.15760     0.16887     0.18494     0.20317     0.22167     0.23917     0.25494     0.26862     0.28019
    -0.09991     0.33931     1.14937     2.06116     3.38282     5.89490    10.52997    18.00792    28.55964    41.85334    49.94756    45.10814    34.63146    25.96541    19.11770    13.91462    10.08089     7.31684     5.34804     3.94870     2.94657     2.21783     1.67759     1.26978     0.95820     0.71958     0.53852     0.40417     0.30816     0.24351     0.20404     0.18423     0.17914     0.18448     0.19666     0.21276     0.23055     0.24841     0.26527     0.28050
    -0.08248     0.10734     0.73523     1.53018     2.53887     4.22422     7.33437    12.65204    20.72327    31.66033    45.10814    53.18130    48.20347    37.48622    28.48939    21.25572    15.65536    11.45050     8.36537     6.13563     4.53484     3.38354     2.54772     1.93194     1.47079     1.12068     0.85296     0.64867     0.49480     0.38189     0.30245     0.25021     0.21963     0.20582     0.20446     0.21183     0.22483     0.24097     0.25837     0.27564
    -0.04648    -0.01776     0.41670     1.08223     1.90619     3.10770     5.20450     8.88466    14.80397    23.37669    34.63146    48.20347    56.25631    51.16008    40.23603    30.95022    23.37206    17.40840    12.85520     9.46039     6.97175     5.16522     3.85712     2.90567     2.20651     1.68578     1.29271     0.99315     0.76421     0.59033     0.46049     0.36643     0.30151     0.26008     0.23724     0.22865     0.23052     0.23965     0.25335     0.26951
    -0.00990    -0.06591     0.19520     0.71658     1.40287     2.31939     3.77682     6.30097    10.51341    16.96399    25.96541    37.48622    51.16008    59.19354    53.99473    42.89083    33.35036    25.46298    19.16629    14.28648    10.59433     7.85089     5.83669     4.36626     3.29213     2.50259     1.91624     1.47561     1.14105     0.88556     0.69070     0.54360     0.43487     0.35731     0.30501     0.27297     0.25680     0.25269     0.25732     0.26792
     0.01937    -0.06607     0.05903     0.43499     0.99533     1.72884     2.79208     4.54248     7.49157    12.19614    19.11770    28.48939    40.23603    53.99473    62.00985    56.72113    45.45928    35.69261    27.52619    20.92343    15.73743    11.76065     8.76794     6.54598     4.90943     3.70696     2.82091     2.16332     1.67052     1.29757     1.01327     0.79610     0.63106     0.50741     0.41715     0.35395     0.31259     0.28862     0.27816     0.27785
     0.03945    -0.04141    -0.01022     0.23390     0.67109     1.26767     2.08276     3.33253     5.39508     8.75690    13.91462    21.25572    30.95022    42.89083    56.72113    64.71896    59.35069    47.94886    37.97987    29.56043    22.67559    17.20243    12.95370     9.71818     7.28980     5.48482     4.14958     3.16177     2.42781     1.87840     1.46357     1.14796     0.90684     0.72291     0.58387     0.48070     0.40650     0.35575     0.32382     0.30676
     0.05149    -0.00801    -0.03237     0.10369     0.42374     0.90261     1.54920     2.47741     3.94119     6.32347    10.08089    15.65536    23.37206    33.35036    45.45928    59.35069    67.33221    61.89293    50.36609    40.21501    31.56507    24.41960    18.67691    14.16866    10.69740     8.06498     6.09046     4.61913     3.52515     2.71021     2.09998     1.63978     1.29022     1.02332     0.81933     0.66421     0.54778     0.46242     0.40215     0.36213
     0.05775     0.02444    -0.02516     0.03082     0.24625     0.61735     1.13587     1.85147     2.91893     4.61469     7.31684    11.45050    17.40840    25.46298    35.69261    47.94886    61.89293    69.85907    64.35594    52.71668    42.40076    33.53999    26.15307    20.15715    15.40141    11.70180     8.86854     6.72435     5.11454     3.91075     3.01076     2.33581     1.82686     1.44063     1.14595     0.92054     0.74848     0.61830     0.52149     0.45156
     0.06053     0.05116    -0.00259     0.00051     0.12917     0.40198     0.81298     1.37818     2.18228     3.40946     5.34804     8.36537    12.85520    19.16629    27.52619    37.97987    50.36609    64.35594    72.30755    66.74660    55.00563    44.53975    35.48539    27.87421    21.64011    16.64842    12.72801     9.69767     7.38449     5.63461     4.31808     3.32950     2.58624     2.02529     1.59972     1.27517     1.02683     0.83683     0.69226     0.58363
     0.06165     0.07070     0.02545    -0.00109     0.06120     0.24783     0.56389     1.01296     1.63608     2.54645     3.94870     6.13563     9.46039    14.28648    20.92343    29.56043    40.21501    52.71668    66.74660    74.68447    69.07089    57.23739    46.63444    37.40169    29.58174    23.12333    17.90668    13.77302    10.54978     8.06890     6.17810     4.74652     3.66631     2.85149     2.23549     1.76791     1.41137     1.13849     0.92941     0.76970
     0.06238     0.08355     0.05275     0.01436     0.03042     0.14566     0.37765     0.73016     1.22116     1.91473     2.94657     4.53484     6.97175    10.59433    15.73743    22.67559    31.56507    42.40076    55.00563    69.07089    76.99576    71.33399    59.41590    48.68716    39.28947    31.27470    24.60478    19.17362    14.83418    11.42251     8.77572     6.74369     5.19533     4.02090     3.13163     2.45772     1.94559     1.55492     1.25585     1.02645
     0.06344     0.09113     0.07605     0.03800     0.02564     0.08556     0.24518     0.51424     0.90177     1.44156     2.21783     3.38354     5.16522     7.85089    11.76065    17.20243    24.41960    33.53999    44.53975    57.23739    71.33399    79.24654    73.54047    61.54469    50.70004    41.14940    32.95244    26.08282    20.44701    15.90912    12.31365     9.50316     7.33010     5.66371     4.39293     3.42663     2.69218     2.13305     1.70615     1.37917
     0.06514     0.09512     0.09415     0.06365     0.03723     0.05760     0.15767     0.35439     0.65621     1.08085     1.67759     2.54772     3.85712     5.83669     8.76794    12.95370    18.67691    26.15307    35.48539    46.63444    59.41590    73.54047    81.44131    75.69433    63.62693    52.67510    42.98221    34.61452    27.55609    21.72496    16.99575    13.22123    10.24952     7.93604     6.15081     4.78193     3.73635     2.93895     2.33051     1.86533
     0.06752     0.09705     0.10717     0.08753     0.05757     0.05251     0.10633     0.24172     0.47046     0.80383     1.26978     1.93194     2.90567     4.36626     6.54598     9.71818    14.16866    20.15715    27.87421    37.40169    48.68716    61.54469    75.69433    83.58406    77.79915    65.66546    54.61421    44.78867    36.26065    29.02350    23.00584    18.09221    14.14343    11.01322     8.56029     6.65578     5.18740     4.06060     3.19804     2.53814
     0.07048     0.09812     0.11593     0.10769     0.08111     0.06228     0.08266     0.16803     0.33438     0.59223     0.95820     1.47079     2.20651     3.29213     4.90943     7.28980    10.69740    15.40141    21.64011    29.58174    39.28947    50.70004    63.62693    77.79915    85.67830    79.85811    67.66285    56.51909    46.56955    37.89070    30.48415    24.28825    19.19686    15.07860    11.79279     9.20163     7.17774     5.60879     4.39911     3.46942
     0.07383     0.09917     0.12154     0.12353     0.10417     0.08044     0.07885     0.12547     0.23960     0.43365     0.71958     1.12068     1.68578     2.50259     3.70696     5.48482     8.06498    11.70180    16.64842    23.12333    31.27470    41.14940    52.67510    65.66546    79.85811    87.72717    81.87405    69.62144    58.39137    48.32563    39.50463    31.93730    25.57100    20.30822    16.02526    12.58682     9.85890     7.71588     6.04547     4.75161
     0.07741     0.10070     0.12510     0.13525     0.12464     0.10217     0.08815     0.10665     0.17860     0.31881     0.53852     0.85296     1.29271     1.91624     2.82091     4.14958     6.09046     8.86854    12.72801    17.90668    24.60478    32.95244    42.98221    54.61421    67.66285    81.87405    89.73349    83.84954    71.54335    60.23254    50.05767    41.10251    33.38233    26.85309    21.42497    16.98202    13.39410    10.53091     8.26944     6.49680
     0.08106     0.10291     0.12756     0.14353     0.14157     0.12411     0.10509     0.10493     0.14435     0.24002     0.40417     0.64867     0.99315     1.47561     2.16332     3.16177     4.61913     6.72435     9.69767    13.77302    19.17362    26.08282    34.61452    44.78867    56.51909    69.62144    83.84954    91.69978    85.78691    73.43049    62.04404    51.76635    42.68452    34.81871    28.13368    22.54597    17.94754    14.21368    11.21637     8.83772
     0.08469     0.10584     0.12964     0.14924     0.15483     0.14421     0.12548     0.11458     0.13044     0.19043     0.30816     0.49480     0.76421     1.14105     1.67052     2.42781     3.52515     5.11454     7.38449    10.54978    14.83418    20.44701    27.55609    36.26065    46.56955    58.39137    71.54335    85.78691    93.62830    87.68832    75.28456    63.82729    53.45224    44.25100    36.24592    29.41197    23.67052    18.92013    15.04501    11.91404
     0.08822     0.10939     0.13182     0.15324     0.16478     0.16142     0.14638     0.13092     0.13112     0.16380     0.24351     0.38189     0.59033     0.88556     1.29757     1.87840     2.71021     3.91075     5.63461     8.06890    11.42251    15.90912    21.72496    29.02350    37.89070    48.32563    60.23254    73.43049    87.68832    95.52106    89.55583    77.10694    65.58386    55.11570    45.80237    37.66383    30.68661    24.79881    19.89769    15.88742
     0.09163     0.11342     0.13439     0.15627     0.17206     0.17542     0.16589     0.15037     0.14150     0.15451     0.20404     0.30245     0.46049     0.69070     1.01327     1.46357     2.09998     3.01076     4.31808     6.17810     8.77572    12.31365    16.99575    23.00584    30.48415    39.50463    50.05767    62.04404    75.28456    89.55583    97.37965    91.39165    78.89852    67.31547    56.75710    47.33843    39.07358    31.95499    25.93189    20.87895
     0.09492     0.11775     0.13747     0.15892     0.17738     0.18637     0.18297     0.17036     0.15761     0.15760     0.18423     0.25021     0.36643     0.54360     0.79610     1.14796     1.63978     2.33581     3.32950     4.74652     6.74369     9.50316    13.22123    18.09221    24.28825    31.93730    41.10251    51.76635    63.82729    77.10694    91.39165    99.20512    93.19827    80.65987    69.02344    58.37801    48.85706    40.47829    33.21399    27.06890
     0.09811     0.12224     0.14107     0.16160     0.18142     0.19473     0.19724     0.18921     0.17637     0.16887     0.17914     0.21963     0.30151     0.43487     0.63106     0.90684     1.29022     1.82686     2.58624     3.66631     5.19533     7.33010    10.24952    14.14343    19.19686    25.57100    33.38233    42.68452    53.45224    65.58386    78.89852    93.19827   100.99798    94.97799    82.39236    70.70702    59.98272    50.35401    41.88072    34.46479
     0.10121     0.12675     0.14512     0.16457     0.18476     0.20107     0.20873     0.20595     0.19557     0.18494     0.18448     0.20582     0.26008     0.35731     0.50741     0.72291     1.02332     1.44063     2.02529     2.85149     4.02090     5.66371     7.93604    11.01322    15.07860    20.30822    26.85309    34.81871    44.25100    55.11570    67.31547    80.65987    94.97799   102.75937    96.73123    84.10009    72.36238    61.57662    51.82799    43.27621
     0.10426     0.13120     0.14951     0.16794     0.18784     0.20598     0.21777     0.22018     0.21374     0.20317     0.19666     0.20446     0.23724     0.30501     0.41715     0.58387     0.81933     1.14595     1.59972     2.23549     3.13163     4.39293     6.15081     8.56029    11.79279    16.02526    21.42497    28.13368    36.24592    45.80237    56.75710    69.02344    82.39236    96.73123   104.49304    98.45519    85.78889    73.98757    63.15797    53.28830
     0.10729     0.13553     0.15413     0.17176     0.19099     0.20999     0.22482     0.23188     0.23002     0.22167     0.21276     0.21183     0.22865     0.27297     0.35395     0.48070     0.66421     0.92054     1.27517     1.76791     2.45772     3.42663     4.78193     6.65578     9.20163    12.58682    16.98202    22.54597    29.41197    37.66383    47.33843    58.37801    70.70702    84.10009    98.45519   106.20451   100.14864    87.45747    75.59214    64.71394
     0.11031     0.13971     0.15887     0.17599     0.19439     0.21356     0.23040     0.24130     0.24403     0.23917     0.23055     0.22483     0.23052     0.25680     0.31259     0.40650     0.54778     0.74848     1.02683     1.41137     1.94559     2.69218     3.73635     5.18740     7.17774     9.85890    13.39410    17.94754    23.67052    30.68661    39.07358    48.85706    59.98272    72.36238    85.78889   100.14864   107.89202   101.82270    89.09132    77.19115
     0.11334     0.14375     0.16365     0.18054     0.19816     0.21700     0.23499     0.24882     0.25574     0.25494     0.24841     0.24097     0.23965     0.25269     0.28862     0.35575     0.46242     0.61830     0.83683     1.13849     1.55492     2.13305     2.93895     4.06060     5.60879     7.71588    10.53091    14.21368    18.92013    24.79881    31.95499    40.47829    50.35401    61.57662    73.98757    87.45747   101.82270   109.53963   103.49597    90.68403
     0.11638     0.14764     0.16839     0.18534     0.20230     0.22056     0.23899     0.25488     0.26532     0.26862     0.26527     0.25837     0.25335     0.25732     0.27816     0.32382     0.40215     0.52149     0.69226     0.92941     1.25585     1.70615     2.33051     3.19804     4.39911     6.04547     8.26944    11.21637    15.04501    19.89769    25.93189    33.21399    41.88072    51.82799    63.15797    75.59214    89.09132   103.49597   111.13870   105.16026
     0.11944     0.15142     0.17304     0.19028     0.20678     0.22437     0.24275     0.25991     0.27312     0.28019     0.28050     0.27564     0.26951     0.26792     0.27785     0.30676     0.36213     0.45156     0.58363     0.76970     1.02645     1.37917     1.86533     2.53814     3.46942     4.75161     6.49680     8.83772    11.91404    15.88742    20.87895    27.06890    34.46479    43.27621    53.28830    64.71394    77.19115    90.68403   105.16026   112.71952

 # S.p. Hamiltonian for channel  2 and configuration d1.5
     7.85470     4.59295     1.60649     1.02123     1.00127     0.96790     0.82529     0.62154     0.41778     0.25105     0.13332     0.06052     0.02162     0.00459    -0.00053    -0.00064     0.00025     0.00030    -0.00092    -0.00306    -0.00552    -0.00771    -0.00922    -0.00983    -0.00952    -0.00843    -0.00676    -0.00476    -0.00266    -0.00067     0.00106     0.00243     0.00341     0.00399     0.00421     0.00411     0.00377     0.00326     0.00265     0.00200
     4.59295    14.70051    11.62683     6.07730     3.40530     2.19066     1.60525     1.24953     0.96761     0.71797     0.50074     0.32382     0.19072     0.09869     0.04073     0.00820    -0.00724    -0.01244    -0.01241    -0.01042    -0.00828    -0.00679    -0.00611    -0.00604    -0.00628    -0.00652    -0.00653    -0.00620    -0.00550    -0.00446    -0.00320    -0.00183    -0.00046     0.00081     0.00189     0.00273     0.00331     0.00363     0.00371     0.00358
     1.60649    11.62683    21.11827    17.50380    10.37162     6.15737     3.82349     2.55170     1.82236     1.35184     1.00566     0.72967     0.50614     0.32999     0.19799     0.10522     0.04491     0.00945    -0.00852    -0.01527    -0.01571    -0.01326    -0.01009    -0.00736    -0.00552    -0.00460    -0.00436    -0.00452    -0.00478    -0.00492    -0.00482    -0.00440    -0.00370    -0.00276    -0.00168    -0.00054     0.00056     0.00154     0.00236     0.00297
     1.02123     6.07730    17.50380    26.61000    22.61378    14.44760     9.05993     5.73087     3.74478     2.55910     1.82112     1.32620     0.96685     0.69148     0.47684     0.31186     0.18944     0.10309     0.04606     0.01153    -0.00685    -0.01453    -0.01584    -0.01394    -0.01092    -0.00801    -0.00582    -0.00447    -0.00388    -0.00381    -0.00399    -0.00421    -0.00429    -0.00414    -0.00372    -0.00305    -0.00219    -0.00121    -0.00018     0.00080
     1.00127     3.40530    10.37162    22.61378    31.49139    27.20043    18.28820    11.97811     7.78736     5.11820     3.44923     2.39731     1.71076     1.23807     0.89439     0.63486     0.43621     0.28562     0.17459     0.09616     0.04384     0.01157    -0.00616    -0.01405    -0.01586    -0.01441    -0.01162    -0.00872    -0.00633    -0.00468    -0.00377    -0.00342    -0.00342    -0.00357    -0.00368    -0.00364    -0.00340    -0.00293    -0.00226    -0.00145
     0.96790     2.19066     6.15737    14.44760    27.20043    35.90977    31.37943    21.90326    14.85601     9.92616     6.62556     4.47379     3.08217     2.17126     1.55661     1.12442     0.80821     0.57052     0.39026     0.25479     0.15548     0.08542     0.03856     0.00944    -0.00676    -0.01410    -0.01588    -0.01457    -0.01191    -0.00902    -0.00654    -0.00471    -0.00359    -0.00304    -0.00289    -0.00296    -0.00307    -0.00310    -0.00297    -0.00265
     0.82529     1.60525     3.82349     9.05993    18.28820    31.37943    39.96019    35.23620    25.32107    17.67399    12.10778     8.23016     5.60928     3.86622     2.70821     1.92786     1.38773     1.00144     0.71690     0.50330     0.34224     0.22203     0.13442     0.07286     0.03178     0.00628    -0.00789    -0.01426    -0.01569    -0.01434    -0.01174    -0.00891    -0.00642    -0.00454    -0.00331    -0.00266    -0.00242    -0.00243    -0.00253    -0.00259
     0.62154     1.24953     2.55170     5.73087    11.97811    21.90326    35.23620    43.71822    38.83570    28.56875    20.42389    14.30530     9.90231     6.83286     4.73657     3.31742     2.35331     1.68836     1.21885     0.87855     0.62642     0.43723     0.29519     0.18980     0.11346     0.06013     0.02473     0.00290    -0.00909    -0.01433    -0.01528    -0.01382    -0.01127    -0.00853    -0.00610    -0.00424    -0.00299    -0.00229    -0.00200    -0.00197
     0.41778     0.96761     1.82236     3.74478     7.78736    14.85601    25.32107    38.83570    47.23931    42.22364    31.66713    23.10196    16.50005    11.61926     8.12521     5.68062     3.99312     2.83233     2.02866     1.46380     1.05858     0.76177     0.54082     0.37508     0.25111     0.15963     0.09378     0.04811     0.01803    -0.00032    -0.01020    -0.01430    -0.01474    -0.01313    -0.01062    -0.00798    -0.00565    -0.00385    -0.00263    -0.00192
     0.25105     0.71797     1.35184     2.55910     5.11820     9.92616    17.67399    28.56875    42.22364    50.56238    45.43238    34.63255    25.70757    18.67986    13.36440     9.47092     6.68719     4.72910     3.36292     2.40945     1.73851     1.25947     0.91141     0.65433     0.46226     0.31827     0.21094     0.13219     0.07590     0.03716     0.01193    -0.00322    -0.01114    -0.01415    -0.01409    -0.01233    -0.00986    -0.00732    -0.00511    -0.00340
     0.13332     0.50074     1.00566     1.82112     3.44923     6.62556    12.10778    20.42389    31.66713    45.43238    53.71590    48.48629    37.47879    28.24238    20.83717    15.12574    10.85776     7.74651     5.51909     3.94218     2.83036     2.04412     1.48297     1.07704     0.77903     0.55748     0.39155     0.26729     0.17503     0.10773     0.06000     0.02748     0.00659    -0.00569    -0.01184    -0.01387    -0.01334    -0.01144    -0.00901    -0.00658
     0.06052     0.32382     0.72967     1.32620     2.39731     4.47379     8.23016    14.30530    23.10196    34.63255    48.48629    56.72209    51.40489    40.21796    30.70936    22.96749    16.89449    12.27593     8.85006     6.35702     4.56667     3.29015     2.38092     1.73019     1.26001     0.91614     0.66158     0.47141     0.32880     0.22219     0.14338     0.08628     0.04614     0.01913     0.00206    -0.00768    -0.01226    -0.01341    -0.01248    -0.01047
     0.02162     0.19072     0.50614     0.96685     1.71076     3.08217     5.60928     9.90231    16.50005    25.70757    37.47879    51.40489    59.59906    54.20423    42.86057    33.11203    25.06817    18.66414    13.71750     9.99046     7.23717     5.23273     3.78707     2.74861     2.00171     1.46131     1.06669     0.77543     0.55842     0.39575     0.27373     0.18276     0.11586     0.06777     0.03430     0.01210    -0.00162    -0.00916    -0.01238    -0.01279
     0.00459     0.09869     0.32999     0.69148     1.23807     2.17126     3.86622     6.83286    11.61926    18.67986    28.24238    40.21796    54.20423    62.36174    56.89758    45.41570    35.45397    27.13774    20.42975    15.17600    11.16132     8.15430     5.93670     4.31907     3.14644     2.29771     1.68164     1.23154     0.89984     0.65321     0.46855     0.32984     0.22589     0.14867     0.09223     0.05201     0.02437     0.00635    -0.00449    -0.01014
    -0.00053     0.04073     0.19799     0.47684     0.89439     1.55661     2.70821     4.73657     8.12521    13.36440    20.83717    30.70936    42.86057    56.89758    65.02252    59.49596    47.89112    37.73862    29.17550    22.18762    16.64617    12.35717     9.10367     6.67508     4.88395     3.57340     2.61805     1.92139     1.41136     1.03551     0.75639     0.54763     0.39078     0.27288     0.18469     0.11948     0.07217     0.03880     0.01619     0.00176
    -0.00064     0.00820     0.10522     0.31186     0.63486     1.12442     1.92786     3.31742     5.68062     9.47092    15.12574    22.96749    33.11203    45.41570    59.49596    67.59168    62.00859    50.29353    39.96924    31.18130    23.93495    18.12375    13.57335    10.08106     7.44454     5.47949     4.02827     2.96233     2.18073     1.60663     1.18303     0.86851     0.63345     0.45686     0.32390     0.22400     0.14951     0.09474     0.05534     0.02788
     0.00025    -0.00724     0.04491     0.18944     0.43621     0.80821     1.38773     2.35331     3.99312     6.68719    10.85776    16.89449    25.06817    35.45397    47.89112    62.00859    70.07790    64.44328    52.62874    42.14887    33.15536    25.66971    19.60527    14.80589    11.08270     8.24202     6.10349     4.50973     3.32998     2.45964     1.81767     1.34288     0.99008     0.72644     0.52840     0.37916     0.26669     0.18233     0.11969     0.07395
     0.00030    -0.01244     0.00945     0.10309     0.28562     0.57052     1.00144     1.68836     2.83233     4.72910     7.74651    12.27593    18.66414    27.13774    37.73862    50.29353    64.44328    72.48854    66.80670    54.90187    44.28039    35.09816    27.39037    21.08791    16.05141    12.10526     9.06466     6.75379     5.01639     3.72026     2.75791     2.04463     1.51543     1.12153     0.82702     0.60575     0.43890     0.31292     0.21803     0.14705
    -0.00092    -0.01241    -0.00852     0.04606     0.17459     0.39026     0.71690     1.21885     2.02866     3.36292     5.51909     8.85006    13.71750    20.42975    29.17550    39.96924    52.62874    66.80670    74.82996    69.10465    57.11742    46.36646    37.01037    29.09587    22.56941    17.30702    13.14581     9.90985     7.42837     5.54683     4.13237     3.07523     2.28754     1.70091     1.26322     0.93554     0.68922     0.50338     0.36286     0.25670
    -0.00306    -0.01042    -0.01527     0.01153     0.09616     0.25479     0.50330     0.87855     1.46380     2.40945     3.94218     6.35702     9.99046    15.17600    22.18762    31.18130    42.14887    54.90187    69.10465    77.10767    71.34220    59.27941    48.40956    38.89277    30.78547    24.04789    18.57025    14.20174    10.77521     8.12525     6.09963     4.56543     3.41115     2.54633     1.89947     1.41541     1.05234     0.77914     0.57284     0.41670
    -0.00552    -0.00828    -0.01571    -0.00685     0.04384     0.15548     0.34224     0.62642     1.05858     1.73851     2.83036     4.56667     7.23717    11.16132    16.64617    23.93495    33.15536    44.28039    57.11742    71.34220    79.32651    73.52377    61.39142    50.41197    40.74619    32.45865    25.52185    19.83901    15.27074    11.65857     8.84263     6.67343     5.01850     3.76519     2.82082     2.11120     1.57832     1.17769     0.87576     0.64755
    -0.00771    -0.00679    -0.01326    -0.01453     0.01157     0.08542     0.22203     0.43723     0.76177     1.25947     2.04412     3.29015     5.23273     8.15430    12.35717    18.12375    25.66971    35.09816    46.36646    59.27941    73.52377    81.49074    75.65331    63.45665    52.37582    42.57151    34.11513    26.99006    21.11147    16.35078    12.55793     9.57876     7.26686     5.49065     4.13677     3.11076     2.33606     1.75209     1.31180     0.97935
    -0.00922    -0.00611    -0.01009    -0.01584    -0.00616     0.03856     0.13442     0.29519     0.54082     0.91141     1.48297     2.38092     3.78707     5.93670     9.10367    13.57335    19.60527    27.39037    37.01037    48.40956    61.39142    75.65331    83.60413    77.73432    65.47799    54.30308    44.36961    35.75473    28.45152    22.38610    17.44004    13.47151    10.33207     7.87865     5.98095     4.52531     3.41586     2.57399     1.93681     1.45486
    -0.00983    -0.00604    -0.00736    -0.01394    -0.01405     0.00944     0.07286     0.18980     0.37508     0.65433     1.07704     1.73019     2.74861     4.31907     6.67508    10.08106    14.80589    21.08791    29.09587    38.89277    50.41197    63.45665    77.73432    85.67005    79.76991    67.45805    56.19556    46.14137    37.37743    29.90544    23.66157    18.53694    14.39768    11.10104     8.50755     6.48846     4.93016     3.73579     2.82485     2.13251
    -0.00952    -0.00628    -0.00552    -0.01092    -0.01586    -0.00676     0.03178     0.11346     0.25111     0.46226     0.77903     1.26001     2.00171     3.14644     4.88395     7.44454    11.08270    16.05141    22.56941    30.78547    40.74619    52.37582    65.47799    79.76991    87.69151    81.76288    69.39917    58.05494    47.88765    38.98328    31.35115    24.93675    19.64004    15.33497    11.88429     9.15238     7.01232     5.35064     4.07018     3.08848
    -0.00843    -0.00652    -0.00460    -0.00801    -0.01441    -0.01410     0.00628     0.06013     0.15963     0.31827     0.55748     0.91614     1.46131     2.29771     3.57340     5.47949     8.24202    12.10526    17.30702    24.04789    32.45865    42.57151    54.30308    67.45805    81.76288    89.67121    83.71577    71.30351    59.88280    49.60929    40.57242    32.78812    26.21070    20.74807    16.28205    12.68060     9.81193     7.55173     5.78606     4.41857
    -0.00676    -0.00653    -0.00436    -0.00582    -0.01162    -0.01588    -0.00789     0.02473     0.09378     0.21094     0.39155     0.66158     1.06669     1.68164     2.61805     4.02827     6.10349     9.06466    13.14581    18.57025    25.52185    34.11513    44.36961    56.19556    69.39917    83.71577    91.61158    85.63086    73.17301    61.68060    51.30704    42.14511    34.21584    27.48264    21.85992    17.23756    13.48902    10.48488     8.10597     6.23589
    -0.00476    -0.00620    -0.00452    -0.00447    -0.00872    -0.01457    -0.01426     0.00290     0.04811     0.13219     0.26729     0.47141     0.77543     1.23154     1.92139     2.96233     4.50973     6.75379     9.90985    14.20174    19.83901    26.99006    35.75473    46.14137    58.05494    71.30351    85.63086    93.51483    87.51029    75.00937    63.44984    52.98154    43.70174    35.63389    28.75183    22.97491    18.19988    14.30901    11.17000     8.67388
    -0.00266    -0.00550    -0.00478    -0.00388    -0.00633    -0.01191    -0.01569    -0.00909     0.01803     0.07590     0.17503     0.32880     0.55842     0.89984     1.41136     2.18073     3.32998     5.01639     7.42837    10.77521    15.27074    21.11147    28.45152    37.37743    47.88765    59.88280    73.17301    87.51029    95.38287    89.35610    76.81399    65.19211    54.63317    45.24280    37.04215    30.01698    24.09328    19.16691    15.13994    11.86718
    -0.00067    -0.00446    -0.00492    -0.00381    -0.00468    -0.00902    -0.01434    -0.01433    -0.00032     0.03716     0.10773     0.22219     0.39575     0.65321     1.03551     1.60663     2.45964     3.72026     5.54683     8.12525    11.65857    16.35078    22.38610    29.90544    38.98328    49.60929    61.68060    75.00937    89.35610    97.21726    91.17047    78.58778    66.90919    56.26235    46.76819    38.44178    31.27552    25.21610    20.13737    15.97901
     0.00106    -0.00320    -0.00482    -0.00399    -0.00377    -0.00654    -0.01174    -0.01528    -0.01020     0.01193     0.06000     0.14338     0.27373     0.46855     0.75639     1.18303     1.81767     2.75791     4.13237     6.09963     8.84263    12.55793    17.44004    23.66157    31.35115    40.57242    51.30704    63.44984    76.81399    91.17047    99.01898    92.95590    80.33130    68.60247    57.87062    48.27586    39.83593    32.52436    26.34264    21.11413
     0.00243    -0.00183    -0.00440    -0.00421    -0.00342    -0.00471    -0.00891    -0.01382    -0.01430    -0.00322     0.02748     0.08628     0.18276     0.32984     0.54763     0.86851     1.34288     2.04463     3.07523     4.56543     6.67343     9.57876    13.47151    18.53694    24.93675    32.78812    42.14511    52.98154    65.19211    78.58778    92.95590   100.78849    94.71473    82.04583    70.27132    59.46227    49.76160    41.22749    33.76454    27.46574
     0.00341    -0.00046    -0.00370    -0.00429    -0.00342    -0.00359    -0.00642    -0.01127    -0.01474    -0.01114     0.00659     0.04614     0.11586     0.22589     0.39078     0.63345     0.99008     1.51543     2.28754     3.41115     5.01850     7.26686    10.33207    14.39768    19.64004    26.21070    34.21584    43.70174    54.63317    66.90919    80.33130    94.71473   102.52681    96.44746    83.73542    71.91196    61.04278    51.22397    42.61207    35.00571
     0.00399     0.00081    -0.00276    -0.00414    -0.00357    -0.00304    -0.00454    -0.00853    -0.01313    -0.01415    -0.00569     0.01913     0.06777     0.14867     0.27288     0.45686     0.72644     1.12153     1.70091     2.54633     3.76519     5.49065     7.87865    11.10104    15.33497    20.74807    27.48264    35.63389    45.24280    56.26235    68.60247    82.04583    96.44746   104.23755    98.15134    85.40593    73.52230    62.61075    52.67202    43.97709
     0.00421     0.00189    -0.00168    -0.00372    -0.00368    -0.00289    -0.00331    -0.00610    -0.01062    -0.01409    -0.01184     0.00206     0.03430     0.09223     0.18469     0.32390     0.52840     0.82702     1.26322     1.89947     2.82082     4.13677     5.98095     8.50755    11.88429    16.28205    21.85992    28.75183    37.04215    46.76819    57.87062    70.27132    83.73542    98.15134   105.92624    99.82499    87.05640    75.11153    64.15360    54.11768
     0.00411     0.00273    -0.00054    -0.00305    -0.00364    -0.00296    -0.00266    -0.00424    -0.00798    -0.01233    -0.01387    -0.00768     0.01210     0.05201     0.11948     0.22400     0.37916     0.60575     0.93554     1.41541     2.11120     3.11076     4.52531     6.48846     9.15238    12.68060    17.23756    22.97491    30.01698    38.44178    48.27586    59.46227    71.91196    85.40593    99.82499   107.59140   101.47912    88.67265    76.69470    65.66781
     0.00377     0.00331     0.00056    -0.00219    -0.00340    -0.00307    -0.00242    -0.00299    -0.00565    -0.00986    -0.01334    -0.01226    -0.00162     0.02437     0.07217     0.14951     0.26669     0.43890     0.68922     1.05234     1.57832     2.33606     3.41586     4.93016     7.01232     9.81193    13.48902    18.19988    24.09328    31.27552    39.83593    49.76160    61.04278    73.52230    87.05640   101.47912   109.21743   103.13219    90.24800    78.26150
     0.00326     0.00363     0.00154    -0.00121    -0.00293    -0.00310    -0.00243    -0.00229    -0.00385    -0.00732    -0.01144    -0.01341    -0.00916     0.00635     0.03880     0.09474     0.18233     0.31292     0.50338     0.77914     1.17769     1.75209     2.57399     3.73579     5.35064     7.55173    10.48488    14.30901    19.16691    25.21610    32.52436    41.22749    51.22397    62.61075    75.11153    88.67265   103.13219   110.79543   104.77662    91.81246
     0.00265     0.00371     0.00236    -0.00018    -0.00226    -0.00297    -0.00253    -0.00200    -0.00263    -0.00511    -0.00901    -0.01248    -0.01238    -0.00449     0.01619     0.05534     0.11969     0.21803     0.36286     0.57284     0.87576     1.31180     1.93681     2.82485     4.07018     5.78606     8.10597    11.17000    15.13994    20.13737    26.34264    33.76454    42.61207    52.67202    64.15360    76.69470    90.24800   104.77662   112.35500   106.37394
     0.00200     0.00358     0.00297     0.00080    -0.00145    -0.00265    -0.00259    -0.00197    -0.00192    -0.00340    -0.00658    -0.01047    -0.01279    -0.01014     0.00176     0.02788     0.07395     0.14705     0.25670     0.41670     0.64755     0.97935     1.45486     2.13251     3.08848     4.41857     6.23589     8.67388    11.86718    15.97901    21.11413    27.46574    35.00571    43.97709    54.11768    65.66781    78.26150    91.81246   106.37394   113.92617

 # S.p. Hamiltonian for channel  3 and configuration d2.5
     4.19586     1.79879     0.23949     0.77590     1.38784     1.57928     1.40468     1.04619     0.65781     0.32916     0.09448    -0.04723    -0.11416    -0.12951    -0.11456    -0.08576    -0.05423    -0.02641    -0.00521     0.00878     0.01635     0.01891     0.01801     0.01507     0.01120     0.00723     0.00367     0.00078    -0.00133    -0.00269    -0.00342    -0.00365    -0.00351    -0.00314    -0.00265    -0.00212    -0.00160    -0.00115    -0.00078    -0.00049
     1.79879    11.83667     9.53632     4.94962     3.08485     2.39966     2.07376     1.77313     1.41985     1.03966     0.68090     0.38049     0.15544     0.00575    -0.07934    -0.11530    -0.11806    -0.10144    -0.07607    -0.04929    -0.02549    -0.00685     0.00608     0.01372     0.01703     0.01713     0.01513     0.01199     0.00844     0.00500     0.00199    -0.00041    -0.00215    -0.00327    -0.00386    -0.00402    -0.00387    -0.00351    -0.00303    -0.00250
