Orthogonality matrix for nchani,nchanf=  1  1 
     1.00000     0.00002    -0.00002    -0.00002    -0.00003    -0.00004    -0.00004     0.00004     0.00004     0.00003    -0.00003    -0.00003     0.00003     0.00002    -0.00002     0.00002     0.00002    -0.00002    -0.00002    -0.00002     0.00002     0.00001     0.00001    -0.00001    -0.00001    -0.00001    -0.00001    -0.00001     0.00001    -0.00001     0.00001    -0.00001     0.00001    -0.00001    -0.00001     0.00001     0.00001    -0.00001     0.00001     0.00001
     0.00002     0.92923     0.08430     0.09076     0.09563     0.09641     0.08860    -0.07155    -0.05205    -0.03618     0.02495     0.01763    -0.01284    -0.00986     0.00792    -0.00673    -0.00591     0.00540     0.00501     0.00474    -0.00451    -0.00434    -0.00418     0.00406     0.00393     0.00384     0.00375     0.00367    -0.00359     0.00353    -0.00347     0.00341    -0.00334     0.00328     0.00318    -0.00307    -0.00292     0.00277    -0.00257    -0.00236
    -0.00002     0.08430     0.89954    -0.10823    -0.11418    -0.11532    -0.10624     0.08608     0.06291     0.04398    -0.03058    -0.02180     0.01605     0.01245    -0.01009     0.00862     0.00761    -0.00696    -0.00646    -0.00612     0.00582     0.00560     0.00539    -0.00523    -0.00507    -0.00495    -0.00482    -0.00472     0.00462    -0.00454     0.00445    -0.00438     0.00429    -0.00421    -0.00408     0.00394     0.00376    -0.00356     0.00331     0.00304
    -0.00002     0.09076    -0.10823     0.88320    -0.12356    -0.12529    -0.11605     0.09470     0.06988     0.04948    -0.03496    -0.02540     0.01908     0.01508    -0.01242     0.01074     0.00956    -0.00877    -0.00816    -0.00772     0.00734     0.00705     0.00678    -0.00657    -0.00637    -0.00621    -0.00605    -0.00592     0.00579    -0.00568     0.00557    -0.00548     0.00537    -0.00526    -0.00511     0.00493     0.00470    -0.00446     0.00415     0.00382
    -0.00003     0.09563    -0.11418    -0.12356     0.86867    -0.13407    -0.12532     0.10348     0.07757     0.05603    -0.04057    -0.03029     0.02342     0.01898    -0.01597     0.01399     0.01257    -0.01159    -0.01081    -0.01022     0.00972     0.00932     0.00896    -0.00867    -0.00839    -0.00817    -0.00795    -0.00778     0.00760    -0.00746     0.00731    -0.00718     0.00703    -0.00689    -0.00669     0.00646     0.00617    -0.00585     0.00546     0.00503
    -0.00004     0.09641    -0.11532    -0.12529    -0.13407     0.86186    -0.13073     0.10966     0.08388     0.06209    -0.04628    -0.03562     0.02838     0.02359    -0.02025     0.01798     0.01629    -0.01507    -0.01409    -0.01333     0.01267     0.01214     0.01166    -0.01126    -0.01090    -0.01059    -0.01031    -0.01007     0.00984    -0.00964     0.00945    -0.00927     0.00908    -0.00889    -0.00863     0.00834     0.00797    -0.00757     0.00708     0.00653
    -0.00004     0.08860    -0.10624    -0.11605    -0.12532    -0.13073     0.87427     0.10757     0.08433     0.06423    -0.04941    -0.03924     0.03220     0.02739    -0.02395     0.02150     0.01963    -0.01822    -0.01706    -0.01614     0.01534     0.01469     0.01410    -0.01361    -0.01316    -0.01278    -0.01242    -0.01213     0.01184    -0.01160     0.01136    -0.01115     0.01092    -0.01068    -0.01038     0.01003     0.00960    -0.00912     0.00854     0.00789
     0.00004    -0.07155     0.08608     0.09470     0.10348     0.10966     0.10757     0.90579    -0.07593    -0.05963     0.04737     0.03876    -0.03265    -0.02834     0.02515    -0.02278    -0.02092     0.01947     0.01827     0.01728    -0.01643    -0.01572    -0.01509     0.01455     0.01406     0.01364     0.01326     0.01294    -0.01263     0.01237    -0.01211     0.01188    -0.01163     0.01138     0.01106    -0.01068    -0.01023     0.00973    -0.00912    -0.00844
     0.00004    -0.05205     0.06291     0.06988     0.07757     0.08388     0.08433    -0.07593     0.93686    -0.05120     0.04199     0.03534    -0.03048    -0.02692     0.02419    -0.02208    -0.02038     0.01901     0.01786     0.01690    -0.01607    -0.01537    -0.01475     0.01421     0.01373     0.01332     0.01294     0.01262    -0.01232     0.01205    -0.01180     0.01157    -0.01133     0.01108     0.01077    -0.01041    -0.00998     0.00950    -0.00890    -0.00825
     0.00003    -0.03618     0.04398     0.04948     0.05603     0.06209     0.06423    -0.05963    -0.05120     0.95715     0.03619     0.03121    -0.02746    -0.02459     0.02232    -0.02050    -0.01900     0.01775     0.01670     0.01581    -0.01504    -0.01437    -0.01379     0.01329     0.01284     0.01245     0.01210     0.01179    -0.01151     0.01126    -0.01102     0.01080    -0.01058     0.01034     0.01006    -0.00972    -0.00932     0.00887    -0.00833    -0.00772
    -0.00003     0.02495    -0.03058    -0.03496    -0.04057    -0.04628    -0.04941     0.04737     0.04199     0.03619     0.96863    -0.02762     0.02469     0.02236    -0.02046     0.01888     0.01755    -0.01643    -0.01547    -0.01465     0.01394     0.01333     0.01279    -0.01232    -0.01190    -0.01154    -0.01121    -0.01092     0.01066    -0.01043     0.01021    -0.01001     0.00980    -0.00958    -0.00931     0.00900     0.00864    -0.00822     0.00772     0.00716
    -0.00003     0.01763    -0.02180    -0.02540    -0.03029    -0.03562    -0.03924     0.03876     0.03534     0.03121    -0.02762     0.97529     0.02236     0.02042    -0.01879     0.01741     0.01622    -0.01521    -0.01433    -0.01358     0.01293     0.01236     0.01186    -0.01142    -0.01104    -0.01070    -0.01039    -0.01012     0.00988    -0.00967     0.00946    -0.00927     0.00908    -0.00888    -0.00863     0.00834     0.00801    -0.00763     0.00717     0.00665
     0.00003    -0.01284     0.01605     0.01908     0.02342     0.02838     0.03220    -0.03265    -0.03048    -0.02746     0.02469     0.02236     0.97958    -0.01877     0.01735    -0.01612    -0.01505     0.01413     0.01333     0.01263    -0.01203    -0.01150    -0.01104     0.01063     0.01027     0.00995     0.00967     0.00942    -0.00920     0.00899    -0.00881     0.00863    -0.00845     0.00826     0.00803    -0.00777    -0.00746     0.00710    -0.00667    -0.00619
     0.00002    -0.00986     0.01245     0.01508     0.01898     0.02359     0.02739    -0.02834    -0.02692    -0.02459     0.02236     0.02042    -0.01877     0.98267     0.01607    -0.01496    -0.01399     0.01314     0.01240     0.01176    -0.01120    -0.01071    -0.01028     0.00991     0.00957     0.00928     0.00902     0.00878    -0.00857     0.00839    -0.00821     0.00805    -0.00788     0.00770     0.00749    -0.00724    -0.00695     0.00663    -0.00623    -0.00578
    -0.00002     0.00792    -0.01009    -0.01242    -0.01597    -0.02025    -0.02395     0.02515     0.02419     0.02232    -0.02046    -0.01879     0.01735     0.01607     0.98506     0.01393     0.01304    -0.01226    -0.01158    -0.01098     0.01046     0.01001     0.00961    -0.00926    -0.00895    -0.00867    -0.00843    -0.00821     0.00802    -0.00784     0.00768    -0.00752     0.00737    -0.00720    -0.00700     0.00677     0.00650    -0.00620     0.00582     0.00541
     0.00002    -0.00673     0.00862     0.01074     0.01399     0.01798     0.02150    -0.02278    -0.02208    -0.02050     0.01888     0.01741    -0.01612    -0.01496     0.01393     0.98700    -0.01218     0.01146     0.01083     0.01027    -0.00979    -0.00937    -0.00900     0.00867     0.00838     0.00812     0.00789     0.00769    -0.00751     0.00734    -0.00719     0.00705    -0.00690     0.00675     0.00656    -0.00634    -0.00609     0.00581    -0.00546    -0.00507
     0.00002    -0.00591     0.00761     0.00956     0.01257     0.01629     0.01963    -0.02092    -0.02038    -0.01900     0.01755     0.01622    -0.01505    -0.01399     0.01304    -0.01218     0.98858     0.01075     0.01016     0.00965    -0.00920    -0.00880    -0.00845     0.00814     0.00787     0.00763     0.00742     0.00723    -0.00706     0.00690    -0.00676     0.00662    -0.00649     0.00634     0.00617    -0.00596    -0.00573     0.00546    -0.00513    -0.00476
    -0.00002     0.00540    -0.00696    -0.00877    -0.01159    -0.01507    -0.01822     0.01947     0.01901     0.01775    -0.01643    -0.01521     0.01413     0.01314    -0.01226     0.01146     0.01075     0.98988    -0.00957    -0.00909     0.00866     0.00829     0.00796    -0.00768    -0.00742    -0.00719    -0.00699    -0.00681     0.00665    -0.00651     0.00637    -0.00625     0.00612    -0.00598    -0.00582     0.00562     0.00540    -0.00515     0.00484     0.00449
    -0.00002     0.00501    -0.00646    -0.00816    -0.01081    -0.01409    -0.01706     0.01827     0.01786     0.01670    -0.01547    -0.01433     0.01333     0.01240    -0.01158     0.01083     0.01016    -0.00957     0.99095    -0.00860     0.00820     0.00785     0.00754    -0.00727    -0.00703    -0.00681    -0.00662    -0.00645     0.00630    -0.00616     0.00603    -0.00591     0.00579    -0.00566    -0.00551     0.00533     0.00512    -0.00488     0.00458     0.00426
    -0.00002     0.00474    -0.00612    -0.00772    -0.01022    -0.01333    -0.01614     0.01728     0.01690     0.01581    -0.01465    -0.01358     0.01263     0.01176    -0.01098     0.01027     0.00965    -0.00909    -0.00860     0.99184     0.00779     0.00745     0.00716    -0.00690    -0.00668    -0.00647    -0.00629    -0.00613     0.00599    -0.00586     0.00574    -0.00562     0.00551    -0.00538    -0.00524     0.00506     0.00486    -0.00463     0.00436     0.00405
     0.00002    -0.00451     0.00582     0.00734     0.00972     0.01267     0.01534    -0.01643    -0.01607    -0.01504     0.01394     0.01293    -0.01203    -0.01120     0.01046    -0.00979    -0.00920     0.00866     0.00820     0.00779     0.99257    -0.00711    -0.00683     0.00659     0.00637     0.00618     0.00600     0.00585    -0.00571     0.00559    -0.00547     0.00536    -0.00526     0.00514     0.00500    -0.00483    -0.00464     0.00442    -0.00416    -0.00386
     0.00001    -0.00434     0.00560     0.00705     0.00932     0.01214     0.01469    -0.01572    -0.01537    -0.01437     0.01333     0.01236    -0.01150    -0.01071     0.01001    -0.00937    -0.00880     0.00829     0.00785     0.00745    -0.00711     0.99319    -0.00654     0.00631     0.00610     0.00591     0.00575     0.00560    -0.00547     0.00535    -0.00524     0.00514    -0.00503     0.00492     0.00479    -0.00463    -0.00445     0.00424    -0.00398    -0.00370
     0.00001    -0.00418     0.00539     0.00678     0.00896     0.01166     0.01410    -0.01509    -0.01475    -0.01379     0.01279     0.01186    -0.01104    -0.01028     0.00961    -0.00900    -0.00845     0.00796     0.00754     0.00716    -0.00683    -0.00654     0.99371     0.00606     0.00586     0.00568     0.00553     0.00539    -0.00526     0.00514    -0.00504     0.00494    -0.00484     0.00473     0.00460    -0.00445    -0.00427     0.00407    -0.00383    -0.00356
    -0.00001     0.00406    -0.00523    -0.00657    -0.00867    -0.01126    -0.01361     0.01455     0.01421     0.01329    -0.01232    -0.01142     0.01063     0.00991    -0.00926     0.00867     0.00814    -0.00768    -0.00727    -0.00690     0.00659     0.00631     0.00606     0.99416    -0.00565    -0.00548    -0.00533    -0.00519     0.00507    -0.00496     0.00486    -0.00476     0.00466    -0.00456    -0.00444     0.00429     0.00412    -0.00393     0.00369     0.00343
    -0.00001     0.00393    -0.00507    -0.00637    -0.00839    -0.01090    -0.01316     0.01406     0.01373     0.01284    -0.01190    -0.01104     0.01027     0.00957    -0.00895     0.00838     0.00787    -0.00742    -0.00703    -0.00668     0.00637     0.00610     0.00586    -0.00565     0.99453    -0.00530    -0.00515    -0.00502     0.00491    -0.00480     0.00470    -0.00461     0.00451    -0.00441    -0.00429     0.00415     0.00399    -0.00380     0.00357     0.00332
    -0.00001     0.00384    -0.00495    -0.00621    -0.00817    -0.01059    -0.01278     0.01364     0.01332     0.01245    -0.01154    -0.01070     0.00995     0.00928    -0.00867     0.00812     0.00763    -0.00719    -0.00681    -0.00647     0.00618     0.00591     0.00568    -0.00548    -0.00530     0.99486    -0.00500    -0.00487     0.00476    -0.00465     0.00456    -0.00447     0.00438    -0.00428    -0.00416     0.00402     0.00387    -0.00368     0.00346     0.00322
    -0.00001     0.00375    -0.00482    -0.00605    -0.00795    -0.01031    -0.01242     0.01326     0.01294     0.01210    -0.01121    -0.01039     0.00967     0.00902    -0.00843     0.00789     0.00742    -0.00699    -0.00662    -0.00629     0.00600     0.00575     0.00553    -0.00533    -0.00515    -0.00500     0.99514    -0.00474     0.00463    -0.00453     0.00443    -0.00434     0.00426    -0.00416    -0.00405     0.00391     0.00376    -0.00358     0.00337     0.00313
    -0.00001     0.00367    -0.00472    -0.00592    -0.00778    -0.01007    -0.01213     0.01294     0.01262     0.01179    -0.01092    -0.01012     0.00942     0.00878    -0.00821     0.00769     0.00723    -0.00681    -0.00645    -0.00613     0.00585     0.00560     0.00539    -0.00519    -0.00502    -0.00487    -0.00474     0.99538     0.00451    -0.00441     0.00432    -0.00423     0.00415    -0.00406    -0.00394     0.00381     0.00366    -0.00349     0.00328     0.00305
     0.00001    -0.00359     0.00462     0.00579     0.00760     0.00984     0.01184    -0.01263    -0.01232    -0.01151     0.01066     0.00988    -0.00920    -0.00857     0.00802    -0.00751    -0.00706     0.00665     0.00630     0.00599    -0.00571    -0.00547    -0.00526     0.00507     0.00491     0.00476     0.00463     0.00451     0.99560     0.00431    -0.00422     0.00414    -0.00405     0.00396     0.00385    -0.00373    -0.00358     0.00341    -0.00321    -0.00298
    -0.00001     0.00353    -0.00454    -0.00568    -0.00746    -0.00964    -0.01160     0.01237     0.01205     0.01126    -0.01043    -0.00967     0.00899     0.00839    -0.00784     0.00734     0.00690    -0.00651    -0.00616    -0.00586     0.00559     0.00535     0.00514    -0.00496    -0.00480    -0.00465    -0.00453    -0.00441     0.00431     0.99579     0.00413    -0.00405     0.00396    -0.00388    -0.00377     0.00364     0.00350    -0.00334     0.00314     0.00291
     0.00001    -0.00347     0.00445     0.00557     0.00731     0.00945     0.01136    -0.01211    -0.01180    -0.01102     0.01021     0.00946    -0.00881    -0.00821     0.00768    -0.00719    -0.00676     0.00637     0.00603     0.00574    -0.00547    -0.00524    -0.00504     0.00486     0.00470     0.00456     0.00443     0.00432    -0.00422     0.00413     0.99596     0.00396    -0.00388     0.00380     0.00369    -0.00357    -0.00343     0.00327    -0.00307    -0.00285
    -0.00001     0.00341    -0.00438    -0.00548    -0.00718    -0.00927    -0.01115     0.01188     0.01157     0.01080    -0.01001    -0.00927     0.00863     0.00805    -0.00752     0.00705     0.00662    -0.00625    -0.00591    -0.00562     0.00536     0.00514     0.00494    -0.00476    -0.00461    -0.00447    -0.00434    -0.00423     0.00414    -0.00405     0.00396     0.99612     0.00381    -0.00372    -0.00362     0.00350     0.00336    -0.00320     0.00301     0.00280
     0.00001    -0.00334     0.00429     0.00537     0.00703     0.00908     0.01092    -0.01163    -0.01133    -0.01058     0.00980     0.00908    -0.00845    -0.00788     0.00737    -0.00690    -0.00649     0.00612     0.00579     0.00551    -0.00526    -0.00503    -0.00484     0.00466     0.00451     0.00438     0.00426     0.00415    -0.00405     0.00396    -0.00388     0.00381     0.99627     0.00364     0.00355    -0.00343    -0.00329     0.00314    -0.00295    -0.00274
    -0.00001     0.00328    -0.00421    -0.00526    -0.00689    -0.00889    -0.01068     0.01138     0.01108     0.01034    -0.00958    -0.00888     0.00826     0.00770    -0.00720     0.00675     0.00634    -0.00598    -0.00566    -0.00538     0.00514     0.00492     0.00473    -0.00456    -0.00441    -0.00428    -0.00416    -0.00406     0.00396    -0.00388     0.00380    -0.00372     0.00364     0.99644    -0.00347     0.00335     0.00322    -0.00307     0.00289     0.00268
    -0.00001     0.00318    -0.00408    -0.00511    -0.00669    -0.00863    -0.01038     0.01106     0.01077     0.01006    -0.00931    -0.00863     0.00803     0.00749    -0.00700     0.00656     0.00617    -0.00582    -0.00551    -0.00524     0.00500     0.00479     0.00460    -0.00444    -0.00429    -0.00416    -0.00405    -0.00394     0.00385    -0.00377     0.00369    -0.00362     0.00355    -0.00347     0.99663     0.00326     0.00313    -0.00299     0.00281     0.00261
     0.00001    -0.00307     0.00394     0.00493     0.00646     0.00834     0.01003    -0.01068    -0.01041    -0.00972     0.00900     0.00834    -0.00777    -0.00724     0.00677    -0.00634    -0.00596     0.00562     0.00533     0.00506    -0.00483    -0.00463    -0.00445     0.00429     0.00415     0.00402     0.00391     0.00381    -0.00373     0.00364    -0.00357     0.00350    -0.00343     0.00335     0.00326     0.99685    -0.00303     0.00289    -0.00271    -0.00252
     0.00001    -0.00292     0.00376     0.00470     0.00617     0.00797     0.00960    -0.01023    -0.00998    -0.00932     0.00864     0.00801    -0.00746    -0.00695     0.00650    -0.00609    -0.00573     0.00540     0.00512     0.00486    -0.00464    -0.00445    -0.00427     0.00412     0.00399     0.00387     0.00376     0.00366    -0.00358     0.00350    -0.00343     0.00336    -0.00329     0.00322     0.00313    -0.00303     0.99709     0.00277    -0.00261    -0.00242
    -0.00001     0.00277    -0.00356    -0.00446    -0.00585    -0.00757    -0.00912     0.00973     0.00950     0.00887    -0.00822    -0.00763     0.00710     0.00663    -0.00620     0.00581     0.00546    -0.00515    -0.00488    -0.00463     0.00442     0.00424     0.00407    -0.00393    -0.00380    -0.00368    -0.00358    -0.00349     0.00341    -0.00334     0.00327    -0.00320     0.00314    -0.00307    -0.00299     0.00289     0.00277     0.99736     0.00249     0.00231
     0.00001    -0.00257     0.00331     0.00415     0.00546     0.00708     0.00854    -0.00912    -0.00890    -0.00833     0.00772     0.00717    -0.00667    -0.00623     0.00582    -0.00546    -0.00513     0.00484     0.00458     0.00436    -0.00416    -0.00398    -0.00383     0.00369     0.00357     0.00346     0.00337     0.00328    -0.00321     0.00314    -0.00307     0.00301    -0.00295     0.00289     0.00281    -0.00271    -0.00261     0.00249     0.99766    -0.00217
     0.00001    -0.00236     0.00304     0.00382     0.00503     0.00653     0.00789    -0.00844    -0.00825    -0.00772     0.00716     0.00665    -0.00619    -0.00578     0.00541    -0.00507    -0.00476     0.00449     0.00426     0.00405    -0.00386    -0.00370    -0.00356     0.00343     0.00332     0.00322     0.00313     0.00305    -0.00298     0.00291    -0.00285     0.00280    -0.00274     0.00268     0.00261    -0.00252    -0.00242     0.00231    -0.00217     0.99798
Orthogonality matrix for nchani,nchanf=  1  2 
    -0.00001    -0.00015    -0.00029     0.00068    -0.00118    -0.00213    -0.00344    -0.00533    -0.00786     0.01128    -0.01582    -0.02191    -0.03006    -0.04101     0.05566     0.07514     0.10012     0.13021    -0.16203     0.19011     0.20917    -0.21934    -0.22315     0.22504     0.22628     0.22925     0.23252     0.23782     0.24188     0.24662    -0.24676    -0.24556     0.23589     0.22502     0.20327    -0.18491     0.15533    -0.13797     0.10277     0.10091
    -0.70445     0.53752     0.06802    -0.26888     0.05257     0.13462     0.06923     0.07532     0.06445    -0.05020     0.05648     0.03906     0.04892     0.03377    -0.04263    -0.03022    -0.03669    -0.02517     0.02809    -0.01550    -0.01576     0.00388     0.00506     0.00428     0.00146     0.00898     0.00531     0.01188     0.00781     0.01380    -0.00935    -0.01472     0.00965     0.01416     0.00827    -0.01193     0.00572    -0.00926     0.00319     0.00714
     0.36753     0.32030     0.57955    -0.14556     0.33083     0.15767     0.19181     0.14016     0.12858    -0.11911     0.09800     0.10192     0.08225     0.08868    -0.07271    -0.07779    -0.06360    -0.06456     0.04790    -0.04263    -0.02343     0.01738     0.00177     0.00025     0.01143     0.01046     0.01918     0.01676     0.02421     0.02092    -0.02733    -0.02297     0.02784     0.02193     0.02475    -0.01754     0.01910    -0.01241     0.01328     0.00868
    -0.04349     0.59800     0.04089     0.46074    -0.13540    -0.28261    -0.16283    -0.18414    -0.14479     0.13550    -0.12480    -0.11015    -0.10851    -0.09570     0.09572     0.08497     0.08317     0.07085    -0.06328     0.04560     0.03343    -0.01582    -0.00726    -0.00512    -0.00862    -0.01731    -0.01787    -0.02487    -0.02381    -0.02991     0.02745     0.03242    -0.02801    -0.03120    -0.02437     0.02589    -0.01780     0.01955    -0.01120    -0.01468
    -0.13393     0.03971    -0.63050     0.29011     0.34357     0.10133     0.23350     0.13810     0.16901    -0.12817     0.13380     0.11365     0.11379     0.10107    -0.10069    -0.09003    -0.08805    -0.07517     0.06722    -0.04867    -0.03544     0.01745     0.00732     0.00430     0.01001     0.01672     0.02031     0.02423     0.02708     0.02911    -0.03134    -0.03138     0.03228     0.02984     0.02867    -0.02412     0.02184    -0.01745     0.01480     0.01252
    -0.14197    -0.10712    -0.12496    -0.60438     0.42104    -0.26709    -0.06275    -0.20557    -0.10771     0.16184    -0.10593    -0.13509    -0.09744    -0.11794     0.08892     0.10447     0.07883     0.08750    -0.05968     0.05874     0.02884    -0.02527    -0.00148     0.00152    -0.01486    -0.01258    -0.02410    -0.02150    -0.02985    -0.02754     0.03322     0.03074    -0.03339    -0.02987    -0.02913     0.02459    -0.02177     0.01819    -0.01436    -0.01340
    -0.13800    -0.09352     0.06454    -0.22224    -0.60934    -0.44489     0.22908     0.02998     0.19421    -0.07984     0.16237     0.08495     0.14008     0.08195    -0.12367    -0.07656    -0.10784    -0.06512     0.08385    -0.04009    -0.04881     0.00907     0.01781     0.01245     0.00165     0.02434     0.01353     0.03121     0.02148     0.03547    -0.02664    -0.03718     0.02822     0.03507     0.02506    -0.02872     0.01854    -0.02142     0.01184     0.01585
     0.11251     0.08758    -0.04559     0.00407     0.28381    -0.64938    -0.42202     0.21195     0.00944    -0.19138     0.06147     0.16602     0.07158     0.14574    -0.07234    -0.12857    -0.06756    -0.10801     0.05107    -0.07541    -0.02064     0.03813    -0.00695    -0.01140     0.02311     0.00481     0.03185     0.01523     0.03702     0.02239    -0.03982    -0.02640     0.03943     0.02607     0.03453    -0.02112     0.02646    -0.01499     0.01832     0.01060
     0.08299     0.06311    -0.05036     0.00993     0.04351    -0.30306     0.69301     0.39682    -0.20155    -0.00164    -0.18954    -0.05233    -0.16822    -0.06596     0.14912     0.06834     0.13005     0.06062    -0.10229     0.03610     0.06266    -0.00376    -0.02756    -0.01874     0.00527    -0.03088    -0.00848    -0.03762    -0.01772    -0.04162     0.02377     0.04299    -0.02591    -0.04041    -0.02298     0.03339    -0.01647     0.02537    -0.00978    -0.01912
     0.05750     0.04642    -0.03349    -0.01212     0.04401    -0.05276     0.30381    -0.72122    -0.38349    -0.19955    -0.00591     0.18947     0.04995     0.16985    -0.06548    -0.15059    -0.06681    -0.12706     0.05200    -0.09015    -0.01998     0.04792    -0.00980    -0.01747     0.02717     0.00107     0.03636     0.01297     0.04163     0.02110    -0.04436    -0.02572     0.04374     0.02564     0.03837    -0.02062     0.02963    -0.01431     0.02083     0.00986
    -0.03964    -0.03173     0.02739     0.00602    -0.01088     0.05687    -0.05362     0.30059    -0.73542     0.38041     0.20343    -0.00652     0.19121     0.05113    -0.17177    -0.06705    -0.15047    -0.06404     0.11913    -0.03929    -0.07428     0.00422     0.03434     0.02044    -0.00889     0.03362     0.00673     0.04078     0.01713     0.04490    -0.02391    -0.04623     0.02642     0.04340     0.02350    -0.03588     0.01673    -0.02734     0.00976     0.02067
    -0.02762    -0.02312     0.01882     0.00922    -0.01225     0.02025    -0.06281     0.05668    -0.29609    -0.73881     0.38355    -0.21607     0.00303    -0.19698     0.05539     0.17523     0.06921     0.14822    -0.05746     0.10599     0.02336    -0.05753     0.00950     0.02246    -0.02867     0.00118    -0.03864    -0.01234    -0.04419    -0.02145     0.04698     0.02665    -0.04622    -0.02678    -0.04048     0.02160    -0.03122     0.01500    -0.02194    -0.01034
     0.01988     0.01664    -0.01522    -0.00592     0.00355    -0.02118     0.02492    -0.06747     0.06252     0.29134     0.73647     0.38806    -0.23447    -0.00384     0.20576     0.06151     0.17908     0.06953    -0.14188     0.04547     0.08935    -0.00685    -0.04252    -0.02074     0.01272    -0.03533    -0.00539    -0.04304    -0.01725    -0.04733     0.02491     0.04861    -0.02787    -0.04553    -0.02497     0.03753    -0.01791     0.02849    -0.01057    -0.02149
     0.01493     0.01295    -0.01141    -0.00633     0.00441    -0.01053     0.02673    -0.02966     0.07246     0.07142     0.28442    -0.72963    -0.39090     0.26177    -0.01532    -0.21853    -0.06903    -0.18193     0.06560    -0.13004    -0.02917     0.07154    -0.00802    -0.02937     0.02972    -0.00400     0.04075     0.01182     0.04667     0.02230    -0.04950    -0.02827     0.04857     0.02869     0.04239    -0.02333     0.03252    -0.01638     0.02270     0.01141
    -0.01179    -0.01024     0.00974     0.00478    -0.00146     0.01069    -0.01508     0.03140    -0.03496    -0.07731    -0.08125     0.27531    -0.72126    -0.38824    -0.29601    -0.03079    -0.23330    -0.07528     0.18054    -0.05512    -0.11361     0.01144     0.05518     0.02050    -0.01843     0.03715     0.00350     0.04564     0.01752     0.05015    -0.02643    -0.05136     0.03002     0.04795     0.02717    -0.03934     0.01971    -0.02967     0.01189     0.02227
     0.00981     0.00869    -0.00807    -0.00475     0.00189    -0.00677     0.01527    -0.01951     0.03614     0.04115     0.08171    -0.09188     0.26230    -0.71069     0.37719    -0.34151    -0.05065    -0.24885     0.07713    -0.17251    -0.03872     0.09487    -0.00518    -0.04045     0.03076    -0.00846     0.04339     0.01092     0.04984     0.02340    -0.05274    -0.03048     0.05158     0.03132     0.04483    -0.02574     0.03414    -0.01829     0.02362     0.01292
     0.00851     0.00754    -0.00729    -0.00403     0.00073    -0.00666     0.01073    -0.01929     0.02407     0.04067     0.04740    -0.08495     0.10187    -0.24598    -0.69955    -0.35327     0.39681     0.07171    -0.26040     0.07069     0.15781    -0.01941    -0.07685    -0.01954     0.02792    -0.03943    -0.00024    -0.04911    -0.01757    -0.05395     0.02832     0.05509    -0.03282    -0.05124    -0.03005     0.04180    -0.02208     0.03129    -0.01361    -0.02334
    -0.00767    -0.00684     0.00651     0.00393    -0.00090     0.00502    -0.01045     0.01459    -0.02336    -0.02900    -0.04492     0.05371    -0.08683     0.11168     0.22517    -0.68533    -0.31211     0.46512    -0.08970     0.26402     0.05554    -0.13871    -0.00030     0.06000    -0.03174     0.01626    -0.04692    -0.00896    -0.05420    -0.02452     0.05722     0.03323    -0.05575    -0.03468    -0.04823     0.02881    -0.03645     0.02072    -0.02497    -0.01483
    -0.00706    -0.00628     0.00610     0.00359    -0.00040     0.00478    -0.00842     0.01387    -0.01847    -0.02725    -0.03380     0.04842    -0.05945     0.08705     0.12054    -0.20098     0.66809     0.24953     0.54007    -0.09704    -0.25724     0.03468     0.11882     0.01688    -0.04521     0.04226    -0.00588     0.05387     0.01691     0.05923    -0.03047    -0.06027     0.03630     0.05585     0.03371    -0.04530     0.02505    -0.03365     0.01575     0.02494
    -0.00663    -0.00591     0.00568     0.00347    -0.00044     0.00404    -0.00801     0.01177    -0.01736    -0.02257    -0.03098     0.03851    -0.05117     0.06487     0.08562    -0.12898     0.17331    -0.64285     0.16589     0.61661     0.09020    -0.24185    -0.01210     0.09910    -0.03202     0.03105    -0.05160    -0.00470    -0.06024    -0.02532     0.06345     0.03653    -0.06158    -0.03891    -0.05303     0.03271    -0.03978     0.02377    -0.02698    -0.01719
     0.00629     0.00559    -0.00542    -0.00330     0.00021    -0.00376     0.00702    -0.01097     0.01512     0.02072     0.02651    -0.03417     0.04271    -0.05289    -0.06958     0.08247    -0.13625     0.14512     0.60919    -0.06985     0.68209    -0.07075    -0.22195    -0.00942     0.08102    -0.04539     0.01815    -0.06039    -0.01453    -0.06661     0.03273     0.06753    -0.04064    -0.06233    -0.03838     0.05028    -0.02883     0.03705    -0.01841    -0.02729
     0.00603     0.00535    -0.00516    -0.00318     0.00020    -0.00342     0.00660    -0.00997     0.01403     0.01865     0.02402    -0.03036     0.03688    -0.04659    -0.05373     0.07389    -0.07791     0.14221     0.11968     0.56441    -0.02363     0.73374     0.04412    -0.19961     0.02932    -0.06304     0.05763    -0.00473     0.06868     0.02511    -0.07223    -0.04046     0.06980     0.04436     0.05985    -0.03778     0.04454    -0.02770     0.02994     0.02022
     0.00580     0.00514    -0.00497    -0.00309     0.00009    -0.00315     0.00608    -0.00922     0.01293     0.01701     0.02204    -0.02691     0.03376    -0.03885    -0.04986     0.05354    -0.07743     0.07239     0.14568     0.10153    -0.51510    -0.10122    -0.76958     0.01522     0.17730    -0.04749     0.04614    -0.06932    -0.00802    -0.07707     0.03473     0.07784    -0.04616    -0.07155    -0.04457     0.05740    -0.03383     0.04195    -0.02189    -0.03072
    -0.00562    -0.00496     0.00479     0.00297    -0.00006     0.00299    -0.00570     0.00873    -0.01197    -0.01605    -0.02000     0.02535    -0.02948     0.03688     0.04028    -0.05277     0.05263    -0.08027    -0.06723    -0.14602     0.09212     0.46385    -0.15812     0.79550    -0.01398     0.15362    -0.06473     0.02808    -0.08069    -0.02200     0.08486     0.04503    -0.08159    -0.05162    -0.06967     0.04467    -0.05145     0.03300    -0.03426    -0.02430
    -0.00545    -0.00482     0.00465     0.00292    -0.00001     0.00274    -0.00541     0.00808    -0.01140    -0.01469    -0.01906     0.02265    -0.02827     0.03147     0.03946    -0.04095     0.05502    -0.05106    -0.08190    -0.06356     0.14316     0.08941    -0.41750    -0.19616    -0.81301     0.04222    -0.13018     0.08151    -0.01046     0.09238    -0.03514    -0.09287     0.05323     0.08498     0.05310    -0.06783     0.04077    -0.04914     0.02669     0.03577
    -0.00531    -0.00468     0.00451     0.00281     0.00002     0.00268    -0.00509     0.00784    -0.01062    -0.01423    -0.01744     0.02201    -0.02510     0.03095     0.03309    -0.04173     0.04122    -0.05679    -0.04969    -0.08230     0.06233     0.13784    -0.09041    -0.37437     0.21963     0.82601    -0.07057     0.10399    -0.09843    -0.00931     0.10377     0.04961    -0.09910    -0.06158    -0.08428     0.05450    -0.06172     0.04055    -0.04071    -0.03009
    -0.00518    -0.00457     0.00441     0.00279     0.00006     0.00247    -0.00491     0.00730    -0.01028    -0.01313    -0.01696     0.01993    -0.02460     0.02705     0.03312    -0.03412     0.04340    -0.04097    -0.05772    -0.04883     0.08136     0.06262    -0.13127    -0.09224     0.33718    -0.23288    -0.83428     0.09899    -0.07745     0.11610    -0.02851    -0.11583     0.06200     0.10532     0.06537    -0.08366     0.05092    -0.06001     0.03366     0.04343
    -0.00507    -0.00446     0.00429     0.00269     0.00007     0.00245    -0.00467     0.00718    -0.00968    -0.01290    -0.01573     0.01966    -0.02229     0.02699     0.02878    -0.03502     0.03492    -0.04469    -0.04092    -0.05805     0.04919     0.07950    -0.06395    -0.12406     0.09417    -0.30225     0.23885     0.83910    -0.12910     0.04659     0.13419     0.05030    -0.12642    -0.07534    -0.10696     0.06922    -0.07767     0.05187    -0.05070    -0.03878
     0.00497     0.00437    -0.00422    -0.00269    -0.00010    -0.00227     0.00453    -0.00674     0.00944     0.01205     0.01541    -0.01810     0.02199    -0.02422    -0.02886     0.03000    -0.03632     0.03530     0.04527     0.04104    -0.05756    -0.04998     0.07690     0.06494    -0.11675     0.09499    -0.27163     0.23994     0.83992    -0.16101    -0.01553     0.15372    -0.07017    -0.13777    -0.08350     0.10893    -0.06658     0.07721    -0.04439    -0.05553
    -0.00487    -0.00428     0.00411     0.00259     0.00010     0.00227    -0.00437     0.00667    -0.00902    -0.01190    -0.01455     0.01791    -0.02042     0.02416     0.02604    -0.03051     0.03116    -0.03731    -0.03595    -0.04551     0.04204     0.05673    -0.05134    -0.07409     0.06598    -0.10946     0.09539    -0.24224     0.23730     0.83639     0.19552     0.02089    -0.17253    -0.09270    -0.14422     0.09224    -0.10380     0.06981    -0.06689    -0.05258
     0.00479     0.00421    -0.00406    -0.00260    -0.00015    -0.00212     0.00422    -0.00633     0.00877     0.01127     0.01420    -0.01682     0.02001    -0.02233    -0.02577     0.02741    -0.03147     0.03194     0.03755     0.03662    -0.04506    -0.04306     0.05522     0.05213    -0.07075     0.06601    -0.10210     0.09423    -0.21617     0.23156    -0.82935     0.23263    -0.05565    -0.19350    -0.10943     0.15171    -0.09198     0.10587    -0.06180    -0.07558
    -0.00470    -0.00412     0.00396     0.00250     0.00011     0.00213    -0.00414     0.00625    -0.00852    -0.01109    -0.01370     0.01654    -0.01912     0.02200     0.02424    -0.02718     0.02885    -0.03219    -0.03310    -0.03765     0.03805     0.04459    -0.04461    -0.05377     0.05323    -0.06762     0.06627    -0.09516     0.09305    -0.19161    -0.22339    -0.81678    -0.27091    -0.09669    -0.20987     0.12842    -0.14946     0.09966    -0.09450    -0.07568
     0.00462     0.00406    -0.00393    -0.00253    -0.00020    -0.00198     0.00395    -0.00598     0.00820     0.01063     0.01319    -0.01583     0.01841    -0.02093    -0.02334     0.02560    -0.02783     0.02979     0.03211     0.03397    -0.03708    -0.03908     0.04338     0.04529    -0.05147     0.05319    -0.06358     0.06511    -0.08755     0.08983     0.16965    -0.21169     0.80297    -0.31257    -0.13105     0.22947    -0.13434     0.15677    -0.09136    -0.11054
    -0.00452    -0.00396     0.00381     0.00242     0.00013     0.00198    -0.00391     0.00587    -0.00806    -0.01037    -0.01292     0.01537    -0.01799     0.02024     0.02274    -0.02462     0.02703    -0.02846    -0.03099    -0.03229     0.03532     0.03702    -0.04044    -0.04272     0.04634    -0.04983     0.05379    -0.06038     0.06498    -0.08114    -0.08798     0.15059     0.19962     0.78167    -0.35114     0.17316    -0.23640     0.15163    -0.14450    -0.11640
    -0.00441    -0.00389     0.00378     0.00248     0.00028     0.00178    -0.00363     0.00555    -0.00759    -0.00989    -0.01221     0.01471    -0.01695     0.01940     0.02130    -0.02365     0.02505    -0.02743    -0.02833    -0.03113     0.03192     0.03535    -0.03624    -0.04004     0.04108    -0.04533     0.04691    -0.05201     0.05544    -0.06214    -0.07253     0.08284     0.13117    -0.18284    -0.76543    -0.39660     0.19652    -0.25607     0.14361     0.17510
     0.00424     0.00373    -0.00361    -0.00233    -0.00020    -0.00178     0.00357    -0.00539     0.00741     0.00956     0.01189    -0.01416     0.01651    -0.01859    -0.02078     0.02250    -0.02454     0.02583     0.02791     0.02897    -0.03152    -0.03265     0.03563     0.03671    -0.04003     0.04106    -0.04504     0.04621    -0.05156     0.05355     0.06178    -0.06803    -0.08258     0.11803    -0.17362     0.73650     0.42813    -0.23943     0.24229     0.19061
     0.00409     0.00364    -0.00360    -0.00246    -0.00045    -0.00144     0.00314    -0.00488     0.00677     0.00882     0.01097    -0.01315     0.01527    -0.01730    -0.01919     0.02096    -0.02255     0.02407     0.02545     0.02699    -0.02848    -0.03029     0.03187     0.03378    -0.03529     0.03735    -0.03881     0.04130    -0.04281     0.04645     0.04829    -0.05494    -0.05874     0.07375    -0.09758    -0.15456     0.72670     0.48279    -0.23627    -0.30121
    -0.00385    -0.00341     0.00333     0.00222     0.00030     0.00149    -0.00311     0.00477    -0.00657    -0.00854    -0.01060     0.01269    -0.01472     0.01667     0.01848    -0.02019     0.02172    -0.02318    -0.02452    -0.02599     0.02747     0.02916    -0.03076    -0.03251     0.03412    -0.03590     0.03759    -0.03955     0.04155    -0.04398    -0.04689     0.05037     0.05601    -0.06184     0.07716     0.09594     0.15982    -0.67861    -0.48660    -0.33581
     0.00365     0.00330    -0.00336    -0.00243    -0.00068    -0.00099     0.00250    -0.00403     0.00568     0.00747     0.00935    -0.01124     0.01308    -0.01483    -0.01646     0.01795    -0.01931     0.02055     0.02172     0.02292    -0.02418    -0.02551     0.02684     0.02812    -0.02936     0.03054    -0.03169     0.03280    -0.03394     0.03507     0.03638    -0.03773    -0.03968     0.04192    -0.04576    -0.05350    -0.06564    -0.11871     0.69886    -0.62473
     0.00328     0.00291    -0.00285    -0.00189    -0.00025    -0.00130     0.00270    -0.00413     0.00570     0.00741     0.00921    -0.01102     0.01280    -0.01450    -0.01610     0.01758    -0.01894     0.02019     0.02141     0.02265    -0.02401    -0.02544     0.02693     0.02840    -0.02990     0.03140    -0.03299     0.03463    -0.03649     0.03851     0.04102    -0.04393    -0.04787     0.05276    -0.05986    -0.06958    -0.08574    -0.11139    -0.18705    -0.49468
Orthogonality matrix for nchani,nchanf=  1  3 
     0.00001    -0.00025     0.00056     0.00123     0.00226    -0.00411    -0.00686     0.01098    -0.01696     0.02579     0.03901    -0.05944    -0.09185    -0.14248    -0.20872    -0.25652     0.25480     0.22814    -0.20359    -0.18721    -0.17726     0.17237     0.17059     0.17192     0.17475     0.18001     0.18568    -0.19340     0.20004    -0.20799    -0.21236    -0.21696     0.21446    -0.21153     0.19693    -0.18270     0.15487    -0.13801    -0.10303     0.10100
    -0.70445     0.53755    -0.06807    -0.26898    -0.05276     0.13494     0.06977    -0.07616     0.06569    -0.05206    -0.05908     0.04282     0.05375     0.03944     0.04507     0.02332    -0.01719     0.00221    -0.00064    -0.01128    -0.00627     0.01371     0.00816     0.01434     0.00886     0.01447     0.00915    -0.01446     0.00925    -0.01434    -0.00911    -0.01398     0.00862    -0.01321     0.00760    -0.01166     0.00567    -0.00929    -0.00319     0.00715
