Orthogonality matrix for nchani,nchanf=  1  1 
     1.00000     0.00002     0.00024     0.00020     0.00020     0.00021    -0.00020     0.00016    -0.00012    -0.00010    -0.00009     0.00008    -0.00007     0.00006    -0.00006     0.00006    -0.00006    -0.00005     0.00005    -0.00004
     0.00002     0.50290    -0.43961     0.03570     0.09714     0.10654    -0.08754     0.05696    -0.03387    -0.02086    -0.01426     0.01095    -0.00918     0.00815    -0.00748     0.00699    -0.00655    -0.00608     0.00552    -0.00490
     0.00024    -0.43961     0.40510    -0.14491    -0.08446    -0.06744     0.05124    -0.03526     0.02460     0.01903     0.01613    -0.01460     0.01361    -0.01295     0.01240    -0.01193     0.01136     0.01058    -0.00952     0.00830
     0.00020     0.03570    -0.14491     0.84600    -0.15394    -0.14827     0.11955    -0.08077     0.05233     0.03649     0.02825    -0.02395     0.02143    -0.01986     0.01872    -0.01781     0.01686     0.01569    -0.01419     0.01248
     0.00020     0.09714    -0.08446    -0.15394     0.83663    -0.16160     0.13353    -0.09280     0.06207     0.04449     0.03505    -0.02993     0.02684    -0.02485     0.02338    -0.02222     0.02102     0.01958    -0.01777     0.01570
     0.00021     0.10654    -0.06744    -0.14827    -0.16160     0.83603     0.13992    -0.10128     0.07093     0.05291     0.04281    -0.03702     0.03338    -0.03094     0.02912    -0.02766     0.02617     0.02440    -0.02221     0.01971
    -0.00020    -0.08754     0.05124     0.11955     0.13353     0.13992     0.87563     0.09454    -0.06970    -0.05421    -0.04504     0.03946    -0.03577     0.03322    -0.03128     0.02971    -0.02811    -0.02623     0.02395    -0.02133
     0.00016     0.05696    -0.03526    -0.08077    -0.09280    -0.10128     0.09454     0.92414     0.05891     0.04765     0.04055    -0.03594     0.03275    -0.03047     0.02872    -0.02728     0.02582     0.02412    -0.02207     0.01972
    -0.00012    -0.03387     0.02460     0.05233     0.06207     0.07093    -0.06970     0.05891     0.95211    -0.04002    -0.03471     0.03105    -0.02843     0.02651    -0.02501     0.02376    -0.02250    -0.02103     0.01928    -0.01727
    -0.00010    -0.02086     0.01903     0.03649     0.04449     0.05291    -0.05421     0.04765    -0.04002     0.96582    -0.03003     0.02705    -0.02486     0.02321    -0.02192     0.02084    -0.01974    -0.01846     0.01695    -0.01521
    -0.00009    -0.01426     0.01613     0.02825     0.03505     0.04281    -0.04504     0.04055    -0.03471    -0.03003     0.97340     0.02407    -0.02217     0.02073    -0.01959     0.01863    -0.01766    -0.01652     0.01518    -0.01363
     0.00008     0.01095    -0.01460    -0.02395    -0.02993    -0.03702     0.03946    -0.03594     0.03105     0.02705     0.02407     0.97817     0.02014    -0.01885     0.01782    -0.01696     0.01608     0.01505    -0.01383     0.01243
    -0.00007    -0.00918     0.01361     0.02143     0.02684     0.03338    -0.03577     0.03275    -0.02843    -0.02486    -0.02217     0.02014     0.98140     0.01742    -0.01648     0.01568    -0.01487    -0.01392     0.01280    -0.01150
     0.00006     0.00815    -0.01295    -0.01986    -0.02485    -0.03094     0.03322    -0.03047     0.02651     0.02321     0.02073    -0.01885     0.01742     0.98368     0.01544    -0.01470     0.01394     0.01305    -0.01200     0.01079
    -0.00006    -0.00748     0.01240     0.01872     0.02338     0.02912    -0.03128     0.02872    -0.02501    -0.02192    -0.01959     0.01782    -0.01648     0.01544     0.98538     0.01392    -0.01320    -0.01236     0.01137    -0.01022
     0.00006     0.00699    -0.01193    -0.01781    -0.02222    -0.02766     0.02971    -0.02728     0.02376     0.02084     0.01863    -0.01696     0.01568    -0.01470     0.01392     0.98675     0.01257     0.01177    -0.01083     0.00973
    -0.00006    -0.00655     0.01136     0.01686     0.02102     0.02617    -0.02811     0.02582    -0.02250    -0.01974    -0.01766     0.01608    -0.01487     0.01394    -0.01320     0.01257     0.98808    -0.01117     0.01027    -0.00923
    -0.00005    -0.00608     0.01058     0.01569     0.01958     0.02440    -0.02623     0.02412    -0.02103    -0.01846    -0.01652     0.01505    -0.01392     0.01305    -0.01236     0.01177    -0.01117     0.98954     0.00962    -0.00865
     0.00005     0.00552    -0.00952    -0.01419    -0.01777    -0.02221     0.02395    -0.02207     0.01928     0.01695     0.01518    -0.01383     0.01280    -0.01200     0.01137    -0.01083     0.01027     0.00962     0.99115     0.00796
    -0.00004    -0.00490     0.00830     0.01248     0.01570     0.01971    -0.02133     0.01972    -0.01727    -0.01521    -0.01363     0.01243    -0.01150     0.01079    -0.01022     0.00973    -0.00923    -0.00865     0.00796     0.99284
Orthogonality matrix for nchani,nchanf=  1  1 
     0.87762    -0.11371     0.10405     0.08974     0.07415     0.06101     0.05140     0.04470    -0.04000    -0.03658    -0.03391     0.03165     0.02961    -0.02749    -0.02471
    -0.11371     0.89406     0.09730     0.08429     0.06998     0.05782     0.04887     0.04260    -0.03817    -0.03494    -0.03241     0.03026     0.02833    -0.02631    -0.02366
     0.10405     0.09730     0.91015    -0.07832    -0.06543    -0.05437    -0.04616    -0.04035     0.03623     0.03321     0.03083    -0.02880    -0.02698     0.02507     0.02256
     0.08974     0.08429    -0.07832     0.93123    -0.05788    -0.04841    -0.04130    -0.03623     0.03261     0.02993     0.02781    -0.02600    -0.02437     0.02266     0.02041
     0.07415     0.06998    -0.06543    -0.05788     0.95092    -0.04131    -0.03542    -0.03118     0.02812     0.02585     0.02405    -0.02250    -0.02109     0.01963     0.01769
     0.06101     0.05782    -0.05437    -0.04841    -0.04131     0.96503    -0.03011    -0.02658     0.02402     0.02211     0.02058    -0.01927    -0.01807     0.01683     0.01517
     0.05140     0.04887    -0.04616    -0.04130    -0.03542    -0.03011     0.97400    -0.02300     0.02082     0.01918     0.01787    -0.01673    -0.01570     0.01463     0.01319
     0.04470     0.04260    -0.04035    -0.03623    -0.03118    -0.02658    -0.02300     0.97962     0.01847     0.01702     0.01587    -0.01486    -0.01395     0.01300     0.01173
    -0.04000    -0.03817     0.03623     0.03261     0.02812     0.02402     0.02082     0.01847     0.98326    -0.01544    -0.01440     0.01349     0.01266    -0.01180    -0.01065
    -0.03658    -0.03494     0.03321     0.02993     0.02585     0.02211     0.01918     0.01702    -0.01544     0.98575    -0.01328     0.01245     0.01169    -0.01089    -0.00983
    -0.03391    -0.03241     0.03083     0.02781     0.02405     0.02058     0.01787     0.01587    -0.01440    -0.01328     0.98761     0.01161     0.01090    -0.01016    -0.00917
     0.03165     0.03026    -0.02880    -0.02600    -0.02250    -0.01927    -0.01673    -0.01486     0.01349     0.01245     0.01161     0.98912    -0.01022     0.00952     0.00860
     0.02961     0.02833    -0.02698    -0.02437    -0.02109    -0.01807    -0.01570    -0.01395     0.01266     0.01169     0.01090    -0.01022     0.99041     0.00894     0.00808
    -0.02749    -0.02631     0.02507     0.02266     0.01963     0.01683     0.01463     0.01300    -0.01180    -0.01089    -0.01016     0.00952     0.00894     0.99166    -0.00753
    -0.02471    -0.02366     0.02256     0.02041     0.01769     0.01517     0.01319     0.01173    -0.01065    -0.00983    -0.00917     0.00860     0.00808    -0.00753     0.99320
