  -2.21742  -0.00003  -0.00053  -0.00044  -0.00045  -0.00048   0.00044  -0.00035   0.00027   0.00022   0.00019  -0.00017   0.00015  -0.00014   0.00014  -0.00013   0.00012   0.00011  -0.00010   0.00009
  -0.00003   0.01064  -0.00930   0.00076   0.00206   0.00225  -0.00185   0.00121  -0.00072  -0.00044  -0.00030   0.00023  -0.00019   0.00017  -0.00016   0.00015  -0.00014  -0.00013   0.00012  -0.00010
  -0.00053  -0.00930   0.02979  -0.01065  -0.00621  -0.00496   0.00377  -0.00259   0.00181   0.00140   0.00119  -0.00107   0.00100  -0.00095   0.00091  -0.00088   0.00084   0.00078  -0.00070   0.00061
  -0.00044   0.00076  -0.01065   0.23679  -0.04309  -0.04150   0.03346  -0.02261   0.01465   0.01021   0.00791  -0.00670   0.00600  -0.00556   0.00524  -0.00499   0.00472   0.00439  -0.00397   0.00349
  -0.00045   0.00206  -0.00621  -0.04309   0.60249  -0.11637   0.09616  -0.06683   0.04470   0.03204   0.02524  -0.02155   0.01933  -0.01789   0.01684  -0.01600   0.01514   0.01410  -0.01280   0.01131
  -0.00048   0.00225  -0.00496  -0.04150  -0.11637   1.11820   0.18715  -0.13546   0.09487   0.07077   0.05726  -0.04952   0.04464  -0.04138   0.03895  -0.03700   0.03500   0.03263  -0.02971   0.02636
   0.00044  -0.00185   0.00377   0.03346   0.09616   0.18715   1.86220   0.20106  -0.14823  -0.11529  -0.09578   0.08391  -0.07607   0.07064  -0.06653   0.06319  -0.05979  -0.05579   0.05093  -0.04537
  -0.00035   0.00121  -0.00259  -0.02261  -0.06683  -0.13546   0.20106   2.92443   0.18643   0.15080   0.12831  -0.11372   0.10365  -0.09644   0.09089  -0.08634   0.08172   0.07632  -0.06985   0.06242
   0.00027  -0.00072   0.00181   0.01465   0.04470   0.09487  -0.14823   0.18643   4.32827  -0.18191  -0.15777   0.14117  -0.12926   0.12050  -0.11368   0.10803  -0.10229  -0.09561   0.08767  -0.07852
   0.00022  -0.00044   0.00140   0.01021   0.03204   0.07077  -0.11529   0.15080  -0.18191   6.17113  -0.19190   0.17286  -0.15883   0.14832  -0.14006   0.13316  -0.12614  -0.11797   0.10831  -0.09717
   0.00019  -0.00030   0.00119   0.00791   0.02524   0.05726  -0.09578   0.12831  -0.15777  -0.19190   8.63855   0.21357  -0.19672   0.18393  -0.17384   0.16535  -0.15669  -0.14661   0.13471  -0.12096
  -0.00017   0.00023  -0.00107  -0.00670  -0.02155  -0.04952   0.08391  -0.11372   0.14117   0.17286   0.21357  12.05869   0.24825  -0.23233   0.21971  -0.20907   0.19818   0.18548  -0.17050   0.15318
   0.00015  -0.00019   0.00100   0.00600   0.01933   0.04464  -0.07607   0.10365  -0.12926  -0.15883  -0.19672   0.24825  16.96403   0.30104  -0.28481   0.27109  -0.25703  -0.24061   0.22124  -0.19882
  -0.00014   0.00017  -0.00095  -0.00556  -0.01789  -0.04138   0.07064  -0.09644   0.12050   0.14832   0.18393  -0.23233   0.30104  24.35671   0.38236  -0.36402   0.34519   0.32318  -0.29721   0.26714
   0.00014  -0.00016   0.00091   0.00524   0.01684   0.03895  -0.06653   0.09089  -0.11368  -0.14006  -0.17384   0.21971  -0.28481   0.38236  36.11427   0.51012  -0.48379  -0.45297   0.41662  -0.37451
  -0.00013   0.00015  -0.00088  -0.00499  -0.01600  -0.03700   0.06319  -0.08634   0.10803   0.13316   0.16535  -0.20907   0.27109  -0.36402   0.51012  56.21353   0.71617   0.67059  -0.61681   0.55451
   0.00012  -0.00014   0.00084   0.00472   0.01514   0.03500  -0.05979   0.08172  -0.10229  -0.12614  -0.15669   0.19818  -0.25703   0.34519  -0.48379   0.71617  93.08653  -1.05190   0.96760  -0.86991
   0.00011  -0.00013   0.00078   0.00439   0.01410   0.03263  -0.05579   0.07632  -0.09561  -0.11797  -0.14661   0.18548  -0.24061   0.32318  -0.45297   0.67059  -1.05190 165.03511   1.60414  -1.44226
  -0.00010   0.00012  -0.00070  -0.00397  -0.01280  -0.02971   0.05093  -0.06985   0.08767   0.10831   0.13471  -0.17050   0.22124  -0.29721   0.41662  -0.61681   0.96760   1.60414 310.37333   2.49158
   0.00009  -0.00010   0.00061   0.00349   0.01131   0.02636  -0.04537   0.06242  -0.07852  -0.09717  -0.12096   0.15318  -0.19882   0.26714  -0.37451   0.55451  -0.86991  -1.44226   2.49158 639.97183
   0.17279  -0.02239   0.02049   0.01767   0.01460   0.01201   0.01012   0.00880  -0.00788  -0.00720  -0.00668   0.00623   0.00583  -0.00541  -0.00486
  -0.02239   0.54215   0.05900   0.05112   0.04243   0.03506   0.02963   0.02583  -0.02315  -0.02119  -0.01965   0.01835   0.01718  -0.01596  -0.01435
   0.02049   0.05900   1.11976  -0.09636  -0.08050  -0.06689  -0.05678  -0.04964   0.04458   0.04086   0.03793  -0.03544  -0.03319   0.03085   0.02776
   0.01767   0.05112  -0.09636   1.96309  -0.12202  -0.10205  -0.08706  -0.07637   0.06874   0.06310   0.05863  -0.05482  -0.05136   0.04777   0.04302
   0.01460   0.04243  -0.08050  -0.12202   3.16112  -0.13734  -0.11774  -0.10364   0.09349   0.08594   0.07994  -0.07478  -0.07011   0.06525   0.05880
   0.01201   0.03506  -0.06689  -0.10205  -0.13734   4.84523  -0.15116  -0.13344   0.12060   0.11100   0.10334  -0.09673  -0.09073   0.08448   0.07618
   0.01012   0.02963  -0.05678  -0.08706  -0.11774  -0.15116   7.23339  -0.17083   0.15462   0.14245   0.13270  -0.12427  -0.11660   0.10862   0.09799
   0.00880   0.02583  -0.04964  -0.07637  -0.10364  -0.13344  -0.17083  10.70826   0.20186   0.18610   0.17344  -0.16247  -0.15248   0.14208   0.12822
  -0.00788  -0.02315   0.04458   0.06874   0.09349   0.12060   0.15462   0.20186  15.96127  -0.25066  -0.23368   0.21894   0.20553  -0.19154  -0.17290
  -0.00720  -0.02119   0.04086   0.06310   0.08594   0.11100   0.14245   0.18610  -0.25066  24.32185  -0.32776   0.30713   0.28834  -0.26875  -0.24263
  -0.00668  -0.01965   0.03793   0.05863   0.07994   0.10334   0.13270   0.17344  -0.23368  -0.32776  38.45493   0.45205   0.42442  -0.39562  -0.35720
   0.00623   0.01835  -0.03544  -0.05482  -0.07478  -0.09673  -0.12427  -0.16247   0.21894   0.30713   0.45205  64.08255  -0.66187   0.61700   0.55712
   0.00583   0.01718  -0.03319  -0.05136  -0.07011  -0.09073  -0.11660  -0.15248   0.20553   0.28834   0.42442  -0.66187 114.09781   1.03023   0.93029
  -0.00541  -0.01596   0.03085   0.04777   0.06525   0.08448   0.10862   0.14208  -0.19154  -0.26875  -0.39562   0.61700   1.03023 219.87735  -1.66938
  -0.00486  -0.01435   0.02776   0.04302   0.05880   0.07618   0.09799   0.12822  -0.17290  -0.24263  -0.35720   0.55712   0.93029  -1.66938 472.94233
