
 # S.p. Hamiltonian for channel  1 and configuration d2.5
     7.76797    11.64862    -2.12095     0.78568     0.83903     0.38818     0.07192    -0.05811    -0.07876    -0.05752    -0.03040    -0.01067    -0.00009     0.00374     0.00380     0.00232     0.00061    -0.00072    -0.00153    -0.00189    -0.00193    -0.00180    -0.00158    -0.00137    -0.00118    -0.00103    -0.00092    -0.00085    -0.00081    -0.00078    -0.00077    -0.00075    -0.00075    -0.00074    -0.00073    -0.00072    -0.00071    -0.00070    -0.00069    -0.00068
    11.64862    45.89690    24.91962    -4.83809    -0.17557     0.94612     0.76736     0.36261     0.07626    -0.05648    -0.08817    -0.07310    -0.04561    -0.02176    -0.00630     0.00143     0.00384     0.00336     0.00173    -0.00002    -0.00139    -0.00226    -0.00267    -0.00275    -0.00262    -0.00239    -0.00214    -0.00191    -0.00172    -0.00157    -0.00147    -0.00140    -0.00135    -0.00132    -0.00130    -0.00129    -0.00128    -0.00127    -0.00126    -0.00125
    -2.12095    24.91962    78.03805    39.40282    -6.46408    -1.29643     0.63543     0.90491     0.60968     0.26731     0.04071    -0.06455    -0.08973    -0.07586    -0.05018    -0.02663    -0.01016    -0.00092     0.00286     0.00328     0.00206     0.00034    -0.00122    -0.00237    -0.00305    -0.00334    -0.00335    -0.00319    -0.00296    -0.00270    -0.00247    -0.00227    -0.00212    -0.00201    -0.00193    -0.00188    -0.00185    -0.00183    -0.00181    -0.00180
     0.78568    -4.83809    39.40282   108.07788    54.00096    -7.41185    -2.28038     0.15613     0.85409     0.75973     0.44710     0.17097     0.00100    -0.07423    -0.08875    -0.07362    -0.04958    -0.02756    -0.01172    -0.00234     0.00191     0.00283     0.00195     0.00038    -0.00120    -0.00246    -0.00331    -0.00375    -0.00389    -0.00381    -0.00362    -0.00338    -0.00313    -0.00291    -0.00273    -0.00260    -0.00249    -0.00242    -0.00238    -0.00235
     0.83903    -0.17557    -6.46408    54.00096   137.12561    68.50374    -7.95431    -3.07714    -0.36384     0.68389     0.81476     0.58634     0.30387     0.09011    -0.03208    -0.08133    -0.08573    -0.06888    -0.04631    -0.02620    -0.01167    -0.00289     0.00128     0.00235     0.00166     0.00023    -0.00131    -0.00260    -0.00353    -0.00407    -0.00430    -0.00430    -0.00415    -0.00394    -0.00370    -0.00348    -0.00329    -0.00313    -0.00302    -0.00294
     0.38818     0.94612    -1.29643    -7.41185    68.50374   165.62694    82.88141    -8.25281    -3.70458    -0.86583     0.44694     0.79345     0.67746     0.42204     0.18741     0.02806    -0.05581    -0.08450    -0.08083    -0.06274    -0.04168    -0.02359    -0.01065    -0.00281     0.00095     0.00194     0.00132    -0.00003    -0.00150    -0.00278    -0.00373    -0.00433    -0.00462    -0.00467    -0.00458    -0.00440    -0.00418    -0.00396    -0.00377    -0.00362
     0.07192     0.76736     0.63543    -2.28038    -7.95431    82.88141   193.79009    97.14335    -8.40152    -4.19365    -1.32554     0.17842     0.71626     0.72301     0.51738     0.28223     0.09792    -0.01637    -0.07058    -0.08385    -0.07442    -0.05583    -0.03642    -0.02038    -0.00910    -0.00234     0.00085     0.00162     0.00098    -0.00031    -0.00173    -0.00298    -0.00392    -0.00454    -0.00487    -0.00497    -0.00491    -0.00476    -0.00457    -0.00437
    -0.05811     0.36261     0.90491     0.15613    -3.07714    -8.25281    97.14335   221.72580   111.30646    -8.45638    -4.57333    -1.73530    -0.09959     0.60070     0.72946     0.58739     0.36798     0.17089     0.03246    -0.04593    -0.07787    -0.08010    -0.06698    -0.04861    -0.03099    -0.01697    -0.00733    -0.00167     0.00090     0.00139     0.00067    -0.00060    -0.00196    -0.00316    -0.00409    -0.00471    -0.00505    -0.00518    -0.00516    -0.00504
    -0.07876     0.07626     0.60968     0.85409    -0.36384    -3.70458    -8.40152   111.30646   249.49913   125.38695    -8.45155    -4.86746    -2.09519    -0.37381     0.46041     0.70420     0.63274     0.44111     0.24213     0.08660    -0.01301    -0.06370    -0.07939    -0.07411    -0.05897    -0.04141    -0.02567    -0.01360    -0.00552    -0.00092     0.00103     0.00122     0.00041    -0.00085    -0.00217    -0.00332    -0.00422    -0.00483    -0.00518    -0.00533
    -0.05752    -0.05648     0.26731     0.75973     0.68389    -0.86583    -4.19365    -8.45638   125.38695   277.15122   139.39842    -8.40850    -5.09471    -2.40866    -0.63662     0.30557     0.65422     0.65564     0.50015     0.30841     0.14274     0.02574    -0.04260    -0.07249    -0.07673    -0.06668    -0.05079    -0.03448    -0.02065    -0.01041    -0.00377    -0.00016     0.00121     0.00111     0.00019    -0.00106    -0.00234    -0.00344    -0.00430    -0.00489
    -0.03040    -0.08817     0.04071     0.44710     0.81476     0.44694    -1.32554    -4.57333    -8.45155   139.39842   304.70950   153.35189    -8.34109    -5.26952    -2.68042    -0.88396     0.14353     0.58560     0.65896     0.54494     0.36773     0.19829     0.06811    -0.01598    -0.05999    -0.07474    -0.07124    -0.05847    -0.04277    -0.02798    -0.01603    -0.00749    -0.00216     0.00056     0.00141     0.00105     0.00004    -0.00122    -0.00245    -0.00350
    -0.01067    -0.07310    -0.06455     0.17097     0.58634     0.79345     0.17842    -1.73530    -4.86746    -8.40850   153.35189   332.19308   167.25616    -8.25841    -5.40301    -2.91536    -1.11398    -0.02050     0.50341     0.64571     0.57611     0.41901     0.25140     0.11224     0.01475    -0.04265    -0.06834    -0.07242    -0.06400    -0.05002    -0.03513    -0.02201    -0.01186    -0.00487    -0.00071     0.00124     0.00162     0.00103    -0.00006    -0.00131
    -0.00009    -0.04561    -0.08973     0.00100     0.30387     0.67746     0.71626    -0.09959    -2.09519    -5.09471    -8.34109   167.25616   359.61574   181.11826    -8.16656    -5.50373    -3.11813    -1.32619    -0.18292     0.41176     0.61876     0.59474     0.46181     0.30078     0.15660     0.04830    -0.02132    -0.05789    -0.07021    -0.06708    -0.05582    -0.04168    -0.02802    -0.01662    -0.00815    -0.00256     0.00058     0.00185     0.00184     0.00106
     0.00374    -0.02176    -0.07586    -0.07423     0.09011     0.42204     0.72301     0.60070    -0.37381    -2.40866    -5.26952    -8.25841   181.11826   386.98770   194.94383    -8.06970    -5.57834    -3.29293    -1.52086    -0.34126     0.31390     0.58069     0.60211     0.49617     0.34559     0.20002     0.08353     0.00316    -0.04386    -0.06471    -0.06761    -0.05990    -0.04731    -0.03374    -0.02153    -0.01181    -0.00488    -0.00052     0.00173     0.00242
     0.00380    -0.00630    -0.05018    -0.08875    -0.03208     0.18741     0.51738     0.72946     0.46041    -0.63662    -2.68042    -5.40301    -8.16656   194.94383   414.31669   208.73745    -7.97068    -5.63201    -3.44345    -1.69877    -0.49393     0.21240     0.53381     0.59959     0.52239     0.38536     0.24160     0.11949     0.02998    -0.02679    -0.05618    -0.06556    -0.06210    -0.05176    -0.03889    -0.02635    -0.01569    -0.00757    -0.00203     0.00125
     0.00232     0.00143    -0.02663    -0.07362    -0.08133     0.02806     0.28223     0.58739     0.70420     0.30557    -0.88396    -2.91536    -5.50373    -8.06970   208.73745   441.60870   222.50285    -7.87148    -5.66882    -3.57292    -1.86089    -0.63991     0.10925     0.48007     0.58849     0.54097     0.41990     0.28071     0.15539     0.05842    -0.00718    -0.04489    -0.06100    -0.06231    -0.05484    -0.04327    -0.03085    -0.01960    -0.01049    -0.00386
     0.00061     0.00384    -0.01016    -0.04958    -0.08573    -0.05581     0.09792     0.36798     0.63274     0.65422     0.14353    -1.11398    -3.11813    -5.57834    -7.97068   222.50285   468.86843   236.24308    -7.77348    -5.69199    -3.68411    -2.00834    -0.77865     0.00597     0.42115     0.57006     0.55252     0.44918     0.31691     0.19059     0.08786     0.01444    -0.03118    -0.05409    -0.06053    -0.05643    -0.04668    -0.03486    -0.02336    -0.01352
    -0.00072     0.00336    -0.00092    -0.02756    -0.06888    -0.08450    -0.01637     0.17089     0.44111     0.65564     0.58560    -0.02050    -1.32619    -3.29293    -5.63201    -7.87148   236.24308   496.09961   249.96068    -7.67765    -5.70410    -3.77941    -2.14222    -0.90989    -0.09628     0.35844     0.54547     0.55768     0.47333     0.34992     0.22460     0.11775     0.03760    -0.01538    -0.04499    -0.05678    -0.05647    -0.04899    -0.03822    -0.02683
    -0.00153     0.00173     0.00286    -0.01172    -0.04631    -0.08083    -0.07058     0.03246     0.24213     0.50015     0.65896     0.50341    -0.18292    -1.52086    -3.44345    -5.66882    -7.77348   249.96068   523.30526   263.65774    -7.58467    -5.70720    -3.86087    -2.26365    -1.03356    -0.19663     0.29313     0.51573     0.55711     0.49258     0.37962     0.25705     0.14762     0.06187     0.00218    -0.03391    -0.05116    -0.05492    -0.05012    -0.04079
    -0.00189    -0.00002     0.00328    -0.00234    -0.02620    -0.06274    -0.08385    -0.04593     0.08660     0.30841     0.54494     0.64571     0.41176    -0.34126    -1.69877    -3.57292    -5.69199    -7.67765   263.65774   550.48781   277.33601    -7.49500    -5.70297    -3.93025    -2.37366    -1.14978    -0.29446     0.22618     0.48178     0.55146     0.50720     0.40594     0.28767     0.17710     0.08688     0.02118    -0.02107    -0.04377    -0.05181    -0.05001
    -0.00193    -0.00139     0.00206     0.00191    -0.01167    -0.04168    -0.07442    -0.07787    -0.01301     0.14274     0.36773     0.57611     0.61876     0.31390    -0.49393    -1.86089    -3.68411    -5.70410    -7.58467   277.33601   577.64926   290.99699    -7.40899    -5.69274    -3.98906    -2.47324    -1.25872    -0.38929     0.15837     0.44444     0.54134     0.51752     0.42893     0.31628     0.20589     0.11227     0.04133    -0.00669    -0.03474    -0.04718
    -0.00180    -0.00226     0.00034     0.00283    -0.00289    -0.02359    -0.05583    -0.08010    -0.06370     0.02574     0.19829     0.41901     0.59474     0.58069     0.21240    -0.63991    -2.00834    -3.77941    -5.70720    -7.49500   290.99699   604.79126   304.64190    -7.32684    -5.67762    -4.03860    -2.56328    -1.36067    -0.48083     0.09036     0.40441     0.52733     0.52388     0.44867     0.34276     0.23374     0.13777     0.06234     0.00901    -0.02420
    -0.00158    -0.00267    -0.00122     0.00195     0.00128    -0.01065    -0.03642    -0.06698    -0.07939    -0.04260     0.06811     0.25140     0.46181     0.60211     0.53381     0.10925    -0.77865    -2.14222    -3.86087    -5.70297    -7.40899   304.64190   631.91516   318.27180    -7.24871    -5.65852    -4.07999    -2.64462    -1.45590    -0.56886     0.02268     0.36231     0.50996     0.52661     0.46529     0.36705     0.26047     0.16312     0.08397     0.02584
    -0.00137    -0.00275    -0.00237     0.00038     0.00235    -0.00281    -0.02038    -0.04861    -0.07411    -0.07249    -0.01598     0.11224     0.30078     0.49617     0.59959     0.48007     0.00597    -0.90989    -2.26365    -3.93025    -5.69274    -7.32684   318.27180   659.02209   331.88759    -7.17469    -5.63619    -4.11419    -2.71801    -1.54474    -0.65326    -0.04426     0.31868     0.48972     0.52607     0.47895     0.38914     0.28594     0.18814     0.10600
    -0.00118    -0.00262    -0.00305    -0.00120     0.00166     0.00095    -0.00910    -0.03099    -0.05897    -0.07673    -0.05999     0.01475     0.15660     0.34559     0.52239     0.58849     0.42115    -0.09628    -1.03356    -2.37366    -3.98906    -5.67762    -7.24871   331.88759   686.11301   345.49003    -7.10483    -5.61124    -4.14205    -2.78415    -1.62753    -0.73397    -0.11012     0.27399     0.46705     0.52257     0.48981     0.40906     0.31006     0.21264
    -0.00103    -0.00239    -0.00334    -0.00246     0.00023     0.00194    -0.00234    -0.01697    -0.04141    -0.06668    -0.07474    -0.04265     0.04830     0.20002     0.38536     0.54097     0.57006     0.35844    -0.19663    -1.14978    -2.47324    -4.03860    -5.65852    -7.17469   345.49003   713.18870   359.07977    -7.03917    -5.58418    -4.16429    -2.84366    -1.70458    -0.81099    -0.17462     0.22863     0.44235     0.51643     0.49806     0.42684     0.33277
    -0.00092    -0.00214    -0.00335    -0.00331    -0.00131     0.00132     0.00085    -0.00733    -0.02567    -0.05079    -0.07124    -0.06834    -0.02132     0.08353     0.24160     0.41990     0.55252     0.54547     0.29313    -0.29446    -1.25872    -2.56328    -4.07999    -5.63619    -7.10483   359.07977   740.24982   372.65736    -6.97771    -5.55544    -4.18154    -2.89710    -1.77622    -0.88434    -0.23757     0.18293     0.41599     0.50794     0.50390     0.44256
    -0.00085    -0.00191    -0.00319    -0.00375    -0.00260    -0.00003     0.00162    -0.00167    -0.01360    -0.03448    -0.05847    -0.07242    -0.05789     0.00316     0.11949     0.28071     0.44918     0.55768     0.51573     0.22618    -0.38929    -1.36067    -2.64462    -4.11419    -5.61124    -7.03917   372.65736   767.29692   386.22327    -6.92046    -5.52540    -4.19435    -2.94499    -1.84276    -0.95408    -0.29880     0.13720     0.38828     0.49740     0.50750
    -0.00081    -0.00172    -0.00296    -0.00389    -0.00353    -0.00150     0.00098     0.00090    -0.00552    -0.02065    -0.04277    -0.06400    -0.07021    -0.04386     0.02998     0.15539     0.31691     0.47333     0.55711     0.48178     0.15837    -0.48083    -1.45590    -2.71801    -4.14205    -5.58418    -6.97771   386.22327   794.33046   399.77791    -6.86740    -5.49433    -4.20320    -2.98779    -1.90449    -1.02029    -0.35819     0.09166     0.35952     0.48505
    -0.00078    -0.00157    -0.00270    -0.00381    -0.00407    -0.00278    -0.00031     0.00139    -0.00092    -0.01041    -0.02798    -0.05002    -0.06708    -0.06471    -0.02679     0.05842     0.19059     0.34992     0.49258     0.55146     0.44444     0.09036    -0.56886    -1.54474    -2.78415    -4.16429    -5.55544    -6.92046   399.77791   821.35081   413.32161    -6.81851    -5.46251    -4.20852    -3.02592    -1.96171    -1.08307    -0.41566     0.04652     0.32995
    -0.00077    -0.00147    -0.00247    -0.00362    -0.00430    -0.00373    -0.00173     0.00067     0.00103    -0.00377    -0.01603    -0.03513    -0.05582    -0.06761    -0.05618    -0.00718     0.08786     0.22460     0.37962     0.50720     0.54134     0.40441     0.02268    -0.65326    -1.62753    -2.84366    -4.18154    -5.52540    -6.86740   413.32161   848.35830   426.85467    -6.77379    -5.43015    -4.21067    -3.05977    -2.01469    -1.14250    -0.47116     0.00197
    -0.00075    -0.00140    -0.00227    -0.00338    -0.00430    -0.00433    -0.00298    -0.00060     0.00122    -0.00016    -0.00749    -0.02201    -0.04168    -0.05990    -0.06556    -0.04489     0.01444     0.11775     0.25705     0.40594     0.51752     0.52733     0.36231    -0.04426    -0.73397    -1.70458    -2.89710    -4.19435    -5.49433    -6.81851   426.85467   875.35317   440.37732    -6.73320    -5.39742    -4.20999    -3.08967    -2.06367    -1.19871    -0.52464
    -0.00075    -0.00135    -0.00212    -0.00313    -0.00415    -0.00462    -0.00392    -0.00196     0.00041     0.00121    -0.00216    -0.01186    -0.02802    -0.04731    -0.06210    -0.06100    -0.03118     0.03760     0.14762     0.28767     0.42893     0.52388     0.50996     0.31868    -0.11012    -0.81099    -1.77622    -2.94499    -4.20320    -5.46251    -6.77379   440.37732   902.33564   453.88978    -6.69673    -5.36449    -4.20675    -3.11593    -2.10889    -1.25181
    -0.00074    -0.00132    -0.00201    -0.00291    -0.00394    -0.00467    -0.00454    -0.00316    -0.00085     0.00111     0.00056    -0.00487    -0.01662    -0.03374    -0.05176    -0.06231    -0.05409    -0.01538     0.06187     0.17710     0.31628     0.44867     0.52661     0.48972     0.27399    -0.17462    -0.88434    -1.84276    -2.98779    -4.20852    -5.43015    -6.73320   453.88978   929.30587   467.39221    -6.66435    -5.33149    -4.20122    -3.13885    -2.15058
    -0.00073    -0.00130    -0.00193    -0.00273    -0.00370    -0.00458    -0.00487    -0.00409    -0.00217     0.00019     0.00141    -0.00071    -0.00815    -0.02153    -0.03889    -0.05484    -0.06053    -0.04499     0.00218     0.08688     0.20589     0.34276     0.46529     0.52607     0.46705     0.22863    -0.23757    -0.95408    -1.90449    -3.02592    -4.21067    -5.39742    -6.69673   467.39221   956.26399   480.88476    -6.63606    -5.29852    -4.19361    -3.15868
    -0.00072    -0.00129    -0.00188    -0.00260    -0.00348    -0.00440    -0.00497    -0.00471    -0.00332    -0.00106     0.00105     0.00124    -0.00256    -0.01181    -0.02635    -0.04327    -0.05643    -0.05678    -0.03391     0.02118     0.11227     0.23374     0.36705     0.47895     0.52257     0.44235     0.18293    -0.29880    -1.02029    -1.96171    -3.05977    -4.20999    -5.36449    -6.66435   480.88476   983.21008   494.36753    -6.61184    -5.26569    -4.18412
    -0.00071    -0.00128    -0.00185    -0.00249    -0.00329    -0.00418    -0.00491    -0.00505    -0.00422    -0.00234     0.00004     0.00162     0.00058    -0.00488    -0.01569    -0.03085    -0.04668    -0.05647    -0.05116    -0.02107     0.04133     0.13777     0.26047     0.38914     0.48981     0.51643     0.41599     0.13720    -0.35819    -1.08307    -2.01469    -3.08967    -4.20675    -5.33149    -6.63606   494.36753  1010.14423   507.84061    -6.59166    -5.23307
    -0.00070    -0.00127    -0.00183    -0.00242    -0.00313    -0.00396    -0.00476    -0.00518    -0.00483    -0.00344    -0.00122     0.00103     0.00185    -0.00052    -0.00757    -0.01960    -0.03486    -0.04899    -0.05492    -0.04377    -0.00669     0.06234     0.16312     0.28594     0.40906     0.49806     0.50794     0.38828     0.09166    -0.41566    -1.14250    -2.06367    -3.11593    -4.20122    -5.29852    -6.61184   507.84061  1037.06646   521.30408    -6.57553
    -0.00069    -0.00126    -0.00181    -0.00238    -0.00302    -0.00377    -0.00457    -0.00516    -0.00518    -0.00430    -0.00245    -0.00006     0.00184     0.00173    -0.00203    -0.01049    -0.02336    -0.03822    -0.05012    -0.05181    -0.03474     0.00901     0.08397     0.18814     0.31006     0.42684     0.50390     0.49740     0.35952     0.04652    -0.47116    -1.19871    -2.10889    -3.13885    -4.19361    -5.26569    -6.59166   521.30408  1063.97681   534.75798
    -0.00068    -0.00125    -0.00180    -0.00235    -0.00294    -0.00362    -0.00437    -0.00504    -0.00533    -0.00489    -0.00350    -0.00131     0.00106     0.00242     0.00125    -0.00386    -0.01352    -0.02683    -0.04079    -0.05001    -0.04718    -0.02420     0.02584     0.10600     0.21264     0.33277     0.44256     0.50750     0.48505     0.32995     0.00197    -0.52464    -1.25181    -2.15058    -3.15868    -4.18412    -5.23307    -6.57553   534.75798  1090.87526
