  0.99999999999999956       -3.3847182616427584E-016   1.4565392022953308E-016  -1.3920311807192963E-016  -1.3963293688896267E-016  -2.2550932900515657E-017   1.5324360357463777E-016   1.0315111569516548E-015   8.5165802582419830E-016  -2.3552579533117611E-016  -3.4485821169343222E-015  -7.0025108136704841E-016   2.1571877217935285E-018   2.3528368092868618E-015   1.9114721233656079E-015  -1.3842546956169129E-014  -2.1199750619196704E-014  -2.0198141893103612E-014  -4.2837059883387655E-014   1.1661074523563935E-014   1.0275401404492880E-013   4.9294205166225278E-014   1.5208339035042537E-013  -1.5501964510576033E-013                       NaN
  -3.3847182616427584E-016  0.99999999999999989       -4.2666950972528751E-017  -1.5160932281244055E-016   2.3170757763766029E-016   2.8235211936502644E-016  -3.9076226087946834E-016   1.3913589596166453E-015   9.7351286821089561E-016   7.8386783740563059E-016   4.3994966497810994E-015   1.4121204755586641E-015   7.7901474644797800E-017  -8.4075739906421558E-016  -5.9897073190661541E-015   2.7870828761023201E-015  -5.5425190016134432E-015   3.7394135335754094E-015  -2.0602744516684610E-014   1.4905538822501700E-014   1.1780219539608699E-013   3.5777387483586115E-014   1.1157754927055480E-013  -4.4065255261193863E-014                       NaN
   1.4565392022953308E-016  -4.2666950972528751E-017  0.99999999999999900        3.5691150382187311E-016   3.9790381526887010E-016  -4.9002267209901385E-016  -2.7308486256515531E-017   8.6742840784677255E-017   1.5653125134684465E-016   1.1513228184565113E-017   7.9630577072916414E-016   8.4657343884101746E-017   1.2661612999383391E-015  -7.2375701987507394E-017  -1.6016610941122073E-015   1.9491388939778936E-015  -7.0749043882500610E-015   1.1968322730676157E-014   1.8029669236841741E-014   9.2703076013053457E-017  -2.7080805615940064E-014  -8.2839595277961571E-014   4.3364124520939060E-014   2.2628244935738393E-013                       NaN
  -1.3920311807192963E-016  -1.5160932281244055E-016   3.5691150382187311E-016  0.99999999999999900       -7.3595247603203959E-018  -1.1756950931673315E-016  -1.7511154230065794E-018   1.8307684103838073E-016  -7.6831411731495187E-016  -2.1552087661000662E-016   1.3121917561458998E-015   4.2108143742078394E-016   9.9813960082818183E-016  -3.1075639955881771E-015  -5.5848517785774616E-016  -1.9930919442841200E-016  -3.4439451148351580E-015   8.8191293374477826E-016  -5.9454080866630104E-015  -3.0711390938252870E-014  -3.9137693693362492E-014  -1.9617874578091534E-014  -2.6377748126481390E-014  -1.3872815040763904E-013                       NaN
  -1.3963293688896267E-016   2.3170757763766029E-016   3.9790381526887010E-016  -7.3595247603203959E-018  0.99999999999999889        3.6464255866582307E-017   3.2437855174251480E-017   2.7864476024698097E-016   5.1996809770900317E-016  -2.8922351104648015E-016  -5.3414798412379857E-016   1.8240169239801097E-016  -1.2543466097096974E-015   1.5801219224365822E-016  -1.1722045654521103E-015   1.0200866787673025E-015  -8.8649211713275853E-015  -1.9731759509839626E-015  -4.9664408677130072E-015   1.4141058529241733E-014   5.8241147198572823E-015   3.5338650224765450E-014  -1.0899595772645893E-014  -1.0318959710381790E-013                       NaN
  -2.2550932900515657E-017   2.8235211936502644E-016  -4.9002267209901385E-016  -1.1756950931673315E-016   3.6464255866582307E-017   1.0000000000000007       -8.0214702703720498E-017   1.7410685634223791E-016  -5.0406326489173115E-017   6.2772727480123273E-016  -1.0706491554590726E-015  -1.6928379065144955E-015  -3.0105491208772028E-015  -2.9544919084342365E-016  -5.1890742754316297E-015  -3.4838905586606556E-015  -7.4854575650164405E-016   1.6072249216491232E-014  -1.7572107034646323E-014   5.1959573310039010E-015  -1.3469997990858623E-014  -3.7965975153070810E-014   2.0287129778827229E-014   1.6045755468279761E-013                       NaN
   1.5324360357463777E-016  -3.9076226087946834E-016  -2.7308486256515531E-017  -1.7511154230065794E-018   3.2437855174251480E-017  -8.0214702703720498E-017  0.99999999999999900        2.7127625711714828E-016   1.1790927014398357E-015  -7.1305388296040261E-016  -7.5216671350358160E-016   4.9576186715734599E-016   1.9618934983691328E-015  -2.8517638936631656E-015   5.9737145142946311E-015  -2.4748003456329081E-015   1.1049551723031940E-015  -1.4697760424039434E-014   1.7639473117493879E-014  -1.6731683106278142E-014  -6.5866972794171596E-014   4.5910527492036316E-014  -4.3160668975451184E-016  -7.7532327841692450E-014                       NaN
   1.0315111569516548E-015   1.3913589596166453E-015   8.6742840784677255E-017   1.8307684103838073E-016   2.7864476024698097E-016   1.7410685634223791E-016   2.7127625711714828E-016  0.99999999999999944       -1.7913456353338117E-016   6.4135493081978470E-016   7.4277458480252583E-016   6.1477530606062088E-016   8.3010873317352838E-016   4.6535546517523819E-015   3.3499122657551440E-016  -5.9924328270582593E-015  -4.5921471625612596E-016  -1.3226167435274373E-014   2.5804971804311237E-014   4.3654937202444039E-014  -6.4175379322575236E-014   6.5645237336931690E-014   2.7682685713643631E-014  -5.9679639965106757E-014                       NaN
   8.5165802582419830E-016   9.7351286821089561E-016   1.5653125134684465E-016  -7.6831411731495187E-016   5.1996809770900317E-016  -5.0406326489173115E-017   1.1790927014398357E-015  -1.7913456353338117E-016   1.0000000000000009       -2.2721411007631007E-015  -9.4276110745224291E-016   3.7764832806018145E-015   5.1795973007017443E-015   1.3231977314307295E-015   2.7859338467901751E-015  -9.4062417697836999E-015  -3.0117069737600589E-015  -1.7032070424425905E-014   9.8464837473751749E-015  -2.8162008064882632E-015   4.0072683153511483E-014  -2.3176543568035315E-014   1.5624583417852846E-013  -1.9593623333876286E-013                       NaN
  -2.3552579533117611E-016   7.8386783740563059E-016   1.1513228184565113E-017  -2.1552087661000662E-016  -2.8922351104648015E-016   6.2772727480123273E-016  -7.1305388296040261E-016   6.4135493081978470E-016  -2.2721411007631007E-015   1.0000000000000016       -6.1517657016609949E-016  -2.5232350494265554E-015   3.0749877875691219E-015   3.5092078200569349E-015  -5.6175015657584140E-015   8.3897518550653831E-015  -1.1269723167193940E-014   3.4695202876332383E-014   2.7634629490626973E-014   3.4517985455315562E-014  -4.7402530824864199E-014   8.5790380627261096E-014  -1.4096952012284335E-013   3.7368616379638115E-013                       NaN
  -3.4485821169343222E-015   4.3994966497810994E-015   7.9630577072916414E-016   1.3121917561458998E-015  -5.3414798412379857E-016  -1.0706491554590726E-015  -7.5216671350358160E-016   7.4277458480252583E-016  -9.4276110745224291E-016  -6.1517657016609949E-016   1.0000000000000009       -4.9689927791311878E-015  -9.0673040536472646E-016   5.3064485695264779E-015  -7.7712679935770299E-015  -1.4570669145810423E-015  -3.2410461132237179E-014   2.9899770836028269E-014   8.2726281131304016E-014  -3.1575511172293517E-014  -2.1270731952026489E-014  -2.3912314004164056E-013   8.9548231779267300E-014   4.2282349896945039E-014                       NaN
  -7.0025108136704841E-016   1.4121204755586641E-015   8.4657343884101746E-017   4.2108143742078394E-016   1.8240169239801097E-016  -1.6928379065144955E-015   4.9576186715734599E-016   6.1477530606062088E-016   3.7764832806018145E-015  -2.5232350494265554E-015  -4.9689927791311878E-015   1.0000000000000100        7.8334880619180961E-015   3.3144969938208031E-015  -1.5441056793981705E-015   4.7362188049932226E-015   5.9155791705848534E-014  -5.0893628742190715E-014   6.0570261235742005E-014   3.8335495592026706E-014  -1.4969785652681026E-013  -2.6671334804008383E-014  -2.4114191666132424E-013  -3.4001542909558445E-013                       NaN
   2.1571877217935285E-018   7.7901474644797800E-017   1.2661612999383391E-015   9.9813960082818183E-016  -1.2543466097096974E-015  -3.0105491208772028E-015   1.9618934983691328E-015   8.3010873317352838E-016   5.1795973007017443E-015   3.0749877875691219E-015  -9.0673040536472646E-016   7.8334880619180961E-015  0.99999999999999856       -1.3895726352936840E-014  -1.5849605267450654E-014   5.8962221089757685E-014   3.3477181277456153E-014  -6.2754763075871094E-014  -3.5500658858300442E-015  -1.1454853457127265E-014  -3.6548055303967408E-014   2.2045854924137587E-013   1.4919126620136981E-013  -2.0477861707686007E-013                       NaN
   2.3528368092868618E-015  -8.4075739906421558E-016  -7.2375701987507394E-017  -3.1075639955881771E-015   1.5801219224365822E-016  -2.9544919084342365E-016  -2.8517638936631656E-015   4.6535546517523819E-015   1.3231977314307295E-015   3.5092078200569349E-015   5.3064485695264779E-015   3.3144969938208031E-015  -1.3895726352936840E-014   1.0000000000000160        6.6865325018745644E-014   6.4651814375776598E-016   9.9714366917260912E-014  -7.9638345932873134E-014  -2.5154687939566149E-013  -2.1631703927685633E-014   2.0113312980535217E-013  -9.4094840103376706E-014   1.9310882580575422E-013  -3.0118351399975623E-014                       NaN
   1.9114721233656079E-015  -5.9897073190661541E-015  -1.6016610941122073E-015  -5.5848517785774616E-016  -1.1722045654521103E-015  -5.1890742754316297E-015   5.9737145142946311E-015   3.3499122657551440E-016   2.7859338467901751E-015  -5.6175015657584140E-015  -7.7712679935770299E-015  -1.5441056793981705E-015  -1.5849605267450654E-014   6.6865325018745644E-014  0.99999999999999678        5.1786154768348885E-014   6.8485910825318154E-014  -7.6850686139799000E-014   8.9732641440842141E-014   4.3859528777055051E-014   2.9555505292062800E-013  -1.4015459627081526E-013   4.4498944530252086E-013  -1.8869026707232871E-012                       NaN
  -1.3842546956169129E-014   2.7870828761023201E-015   1.9491388939778936E-015  -1.9930919442841200E-016   1.0200866787673025E-015  -3.4838905586606556E-015  -2.4748003456329081E-015  -5.9924328270582593E-015  -9.4062417697836999E-015   8.3897518550653831E-015  -1.4570669145810423E-015   4.7362188049932226E-015   5.8962221089757685E-014   6.4651814375776598E-016   5.1786154768348885E-014  0.99999999999991707        1.5329814159793131E-013   2.4495025636279466E-014  -5.4460448950710144E-013   2.6974693035289514E-013  -2.3487358100808310E-014   1.0210551791740006E-012  -3.3039869052296521E-013   7.0918989715568168E-013                       NaN
  -2.1199750619196704E-014  -5.5425190016134432E-015  -7.0749043882500610E-015  -3.4439451148351580E-015  -8.8649211713275853E-015  -7.4854575650164405E-016   1.1049551723031940E-015  -4.5921471625612596E-016  -3.0117069737600589E-015  -1.1269723167193940E-014  -3.2410461132237179E-014   5.9155791705848534E-014   3.3477181277456153E-014   9.9714366917260912E-014   6.8485910825318154E-014   1.5329814159793131E-013   1.0000000000001712        1.3965048219693418E-013   9.7650354297195639E-014   5.0741977515814987E-013  -6.2384850136729861E-013  -6.0003590885344899E-013   1.6651385981236334E-012  -8.4342255973610071E-013                       NaN
  -2.0198141893103612E-014   3.7394135335754094E-015   1.1968322730676157E-014   8.8191293374477826E-016  -1.9731759509839626E-015   1.6072249216491232E-014  -1.4697760424039434E-014  -1.3226167435274373E-014  -1.7032070424425905E-014   3.4695202876332383E-014   2.9899770836028269E-014  -5.0893628742190715E-014  -6.2754763075871094E-014  -7.9638345932873134E-014  -7.6850686139799000E-014   2.4495025636279466E-014   1.3965048219693418E-013   1.0000000000003459       -6.6888140027656971E-013   1.2696273071561768E-013  -1.6844078770927262E-014   1.3044999167071845E-012   1.2408641521194853E-012  -1.2457301678171418E-013                       NaN
  -4.2837059883387655E-014  -2.0602744516684610E-014   1.8029669236841741E-014  -5.9454080866630104E-015  -4.9664408677130072E-015  -1.7572107034646323E-014   1.7639473117493879E-014   2.5804971804311237E-014   9.8464837473751749E-015   2.7634629490626973E-014   8.2726281131304016E-014   6.0570261235742005E-014  -3.5500658858300442E-015  -2.5154687939566149E-013   8.9732641440842141E-014  -5.4460448950710144E-013   9.7650354297195639E-014  -6.6888140027656971E-013   1.0000000000007860       -2.5091172342253347E-012   1.9326012945629047E-012  -1.0034023715453233E-012  -2.1797607541570725E-012  -6.3159830531808601E-013                       NaN
   1.1661074523563935E-014   1.4905538822501700E-014   9.2703076013053457E-017  -3.0711390938252870E-014   1.4141058529241733E-014   5.1959573310039010E-015  -1.6731683106278142E-014   4.3654937202444039E-014  -2.8162008064882632E-015   3.4517985455315562E-014  -3.1575511172293517E-014   3.8335495592026706E-014  -1.1454853457127265E-014  -2.1631703927685633E-014   4.3859528777055051E-014   2.6974693035289514E-013   5.0741977515814987E-013   1.2696273071561768E-013  -2.5091172342253347E-012   1.0000000000046438       -2.4913591201763648E-012   4.9811967766538547E-013   4.8750293406973498E-013  -3.0713378109067690E-012                       NaN
   1.0275401404492880E-013   1.1780219539608699E-013  -2.7080805615940064E-014  -3.9137693693362492E-014   5.8241147198572823E-015  -1.3469997990858623E-014  -6.5866972794171596E-014  -6.4175379322575236E-014   4.0072683153511483E-014  -4.7402530824864199E-014  -2.1270731952026489E-014  -1.4969785652681026E-013  -3.6548055303967408E-014   2.0113312980535217E-013   2.9555505292062800E-013  -2.3487358100808310E-014  -6.2384850136729861E-013  -1.6844078770927262E-014   1.9326012945629047E-012  -2.4913591201763648E-012   1.0000000000046603       -2.0758764348897336E-012   1.7854662004943449E-011   2.1799451990180987E-011                       NaN
   4.9294205166225278E-014   3.5777387483586115E-014  -8.2839595277961571E-014  -1.9617874578091534E-014   3.5338650224765450E-014  -3.7965975153070810E-014   4.5910527492036316E-014   6.5645237336931690E-014  -2.3176543568035315E-014   8.5790380627261096E-014  -2.3912314004164056E-013  -2.6671334804008383E-014   2.2045854924137587E-013  -9.4094840103376706E-014  -1.4015459627081526E-013   1.0210551791740006E-012  -6.0003590885344899E-013   1.3044999167071845E-012  -1.0034023715453233E-012   4.9811967766538547E-013  -2.0758764348897336E-012   1.0000000000225822        1.2539300632599083E-011   2.8608861392965628E-011                       NaN
   1.5208339035042537E-013   1.1157754927055480E-013   4.3364124520939060E-014  -2.6377748126481390E-014  -1.0899595772645893E-014   2.0287129778827229E-014  -4.3160668975451184E-016   2.7682685713643631E-014   1.5624583417852846E-013  -1.4096952012284335E-013   8.9548231779267300E-014  -2.4114191666132424E-013   1.4919126620136981E-013   1.9310882580575422E-013   4.4498944530252086E-013  -3.3039869052296521E-013   1.6651385981236334E-012   1.2408641521194853E-012  -2.1797607541570725E-012   4.8750293406973498E-013   1.7854662004943449E-011   1.2539300632599083E-011   1.0000000000369729        1.4917164967788550E-011                       NaN
  -1.5501964510576033E-013  -4.4065255261193863E-014   2.2628244935738393E-013  -1.3872815040763904E-013  -1.0318959710381790E-013   1.6045755468279761E-013  -7.7532327841692450E-014  -5.9679639965106757E-014  -1.9593623333876286E-013   3.7368616379638115E-013   4.2282349896945039E-014  -3.4001542909558445E-013  -2.0477861707686007E-013  -3.0118351399975623E-014  -1.8869026707232871E-012   7.0918989715568168E-013  -8.4342255973610071E-013  -1.2457301678171418E-013  -6.3159830531808601E-013  -3.0713378109067690E-012   2.1799451990180987E-011   2.8608861392965628E-011   1.4917164967788550E-011  0.99999999995789457                            NaN
                       NaN                       NaN                       NaN                       NaN                       NaN                       NaN                       NaN                       NaN                       NaN                       NaN                       NaN                       NaN                       NaN                       NaN                       NaN                       NaN                       NaN                       NaN                       NaN                       NaN                       NaN                       NaN                       NaN                       NaN                       NaN
