
 # S.p. Hamiltonian for channel  1 and configuration d2.5
    94.59124    20.55734   -27.98366   144.82546    10.79951  -133.79470   -29.97144   -87.31383   -44.98369    48.55227   -76.57142   -65.21607   -44.12842    21.68813
    20.55734   171.42244   240.48908   -54.39326   210.75494    21.49617  -172.42663    41.36817     7.30754   118.39872   -55.08780   -28.54934   -19.33210    10.49096
   -27.98366   240.48908   407.42591  -196.03593   369.21157   147.42108  -303.14500   159.04647    60.18907   198.61268   -44.49857     7.51095    11.38081    -4.92220
   144.82546   -54.39326  -196.03593   331.78633  -121.67767  -329.27295    61.39682  -253.24902  -124.21318    11.07174  -140.33484  -152.26605  -116.08610    60.01550
    10.79951   210.75494   369.21157  -121.67767   428.89124    88.21831  -432.16024   158.16529    59.25929   353.12656  -149.77076   -42.47031    -7.85765     2.49424
  -133.79470    21.49617   147.42108  -329.27295    88.21831   379.69966   -33.16446   318.26922   166.43252   -33.64597   188.23525   211.12390   176.39037   -98.49666
   -29.97144  -172.42663  -303.14500    61.39682  -432.16024   -33.16446   540.34465  -150.46575   -54.07317  -543.76712   313.33437   137.55122    50.92023   -19.01699
   -87.31383    41.36817   159.04647  -253.24902   158.16529   318.26922  -150.46575   339.59704   191.76274   111.76869    98.06487   168.72065   174.20837  -112.33026
   -44.98369     7.30754    60.18907  -124.21318    59.25929   166.43252   -54.07317   191.76274   127.30897    46.24397    71.02269   105.05728   109.81074   -78.34112
    48.55227   118.39872   198.61268    11.07174   353.12656   -33.64597  -543.76712   111.76869    46.24397   687.65193  -519.71115  -308.81282  -150.83558    57.19590
   -76.57142   -55.08780   -44.49857  -140.33484  -149.77076   188.23525   313.33437    98.06487    71.02269  -519.71115   603.18155   512.84610   352.75875  -179.19353
   -65.21607   -28.54934     7.51095  -152.26605   -42.47031   211.12390   137.55122   168.72065   105.05728  -308.81282   512.84610   570.83058   483.17449  -275.06749
   -44.12842   -19.33210    11.38081  -116.08610    -7.85765   176.39037    50.92023   174.20837   109.81074  -150.83558   352.75875   483.17449   506.45831  -336.27390
    21.68813    10.49096    -4.92220    60.01550     2.49424   -98.49666   -19.01699  -112.33026   -78.34112    57.19590  -179.19353  -275.06749  -336.27390   260.58804
