
 # S.p. Hamiltonian for channel  1 and configuration s0.5
   -29.79794    -6.11251     5.17018     2.92318   -13.93881    12.42578    12.74167    -9.22090    -8.45786    -5.41682    -4.34799    -2.21716     1.53660     0.33273    -0.03630     0.54589    -0.60729    -0.83321    -0.78387    -0.83240    -0.74599    -0.71874    -0.62175    -0.57203         NaN
    -6.11251    11.64961   -19.71278     9.53029     2.08895   -14.85649   -16.59622    16.14255    12.78546    10.29811     7.57442     5.16417    -3.33726    -1.63233     0.70570    -0.25613     0.59712     1.04915     1.08937     1.24901     1.16074     1.17392     1.03028     0.99195         NaN
     5.17018   -19.71278    45.60044   -39.75929    15.66660     3.11626    15.04112   -19.56945   -18.76046   -15.64225   -12.50008    -9.10843     6.54968     4.01058    -2.37483    -0.84522     0.01653    -0.74706    -1.06472    -1.36689    -1.41107    -1.47218    -1.36843    -1.33704         NaN
     2.92318     9.53029   -39.75929    77.36121   -62.41743    23.98680     2.27476    13.85569    18.22368    19.68004    16.64668    13.72063   -10.46999    -7.41995     5.18853     2.90081    -1.68165    -0.25338     0.25259     1.03250     1.13007     1.49990     1.37465     1.52226         NaN
   -13.93881     2.08895    15.66660   -62.41743   106.94328   -81.12775   -30.56708     1.02452   -14.29509   -20.96152   -21.63456   -19.07530    15.81828    11.96212    -9.00981    -5.96206     3.99356     2.02192     0.94321    -0.16058    -0.62996    -1.16390    -1.25177    -1.45477         NaN
    12.42578   -14.85649     3.11626    23.98680   -81.12775   136.79924   103.15291   -38.75830    -8.02662    13.23642    18.45391    22.13909   -19.17813   -16.81765    13.04427     9.89052    -7.20878    -4.65814    -3.12534    -1.40109    -0.70223     0.33596     0.50733     1.06014         NaN
    12.74167   -16.59622    15.04112     2.27476   -30.56708   103.15291   165.16597  -119.45616   -45.22095    -4.58501    13.83725    22.34080   -23.72341   -21.84761    18.58524    14.61206   -11.39292    -8.04056    -5.83913    -3.55720    -2.30492    -0.93733    -0.36658     0.33678         NaN
    -9.22090    16.14255   -19.56945    13.85569     1.02452   -38.75830  -119.45616   193.60330   141.88326    53.09260    13.21115   -13.08221    18.80551    24.11121   -21.11504   -19.38668    15.30219    12.22155     9.24076     6.57221     4.82352     2.92420     2.07356     0.91765         NaN
    -8.45786    12.78546   -18.76046    18.22368   -14.29509    -8.02662   -45.22095   141.88326   220.91499   156.33733    59.25860     7.89035    13.73903    23.72746   -25.46680   -24.06730    20.88509    16.94664    13.64684    10.14410     7.83715     5.36908     3.99261     2.53744         NaN
    -5.41682    10.29811   -15.64225    19.68004   -20.96152    13.23642    -4.58501    53.09260   156.33733   248.41068   179.05832    66.73724   -18.40174    13.01706   -18.92480   -25.70618    22.44404    21.48821    17.15619    14.40689    11.19379     8.63567     6.63282     4.86066         NaN
    -4.34799     7.57442   -12.50008    16.64668   -21.63456    18.45391    13.83725    13.21115    59.25860   179.05832   274.70696   191.34659   -72.46949   -11.11587   -13.41298   -24.78767    26.66720    25.70609    22.62438    18.90298    15.63582    12.19952     9.77214     7.45928         NaN
    -2.21716     5.16417    -9.10843    13.72063   -19.07530    22.13909    22.34080   -13.08221     7.89035    66.73724   191.34659   301.10907  -214.22226   -79.42574    23.90706   -12.48226    18.24924    26.59753    22.89145    22.94440    18.33604    16.25203    12.66568    10.71475         NaN
     1.53660    -3.33726     6.54968   -10.46999    15.81828   -19.17813   -23.72341    18.80551    13.73903   -18.40174   -72.46949  -214.22226   326.10391   223.86256   -84.54935   -14.47252   -12.29195   -24.96993   -26.84273   -26.42779   -23.42394   -20.17183   -16.80885   -13.95269         NaN
     0.33273    -1.63233     4.01058    -7.41995    11.96212   -16.81765   -21.84761    24.11121    23.72746    13.01706   -11.11587   -79.42574   223.86256   351.19420  -246.72263   -90.84214    30.09065   -10.90563   -16.02528   -26.20940   -21.81873   -23.26668   -18.05350   -17.27908         NaN
    -0.03630     0.70570    -2.37483     5.18853    -9.00981    13.04427    18.58524   -21.11504   -25.46680   -18.92480   -13.41298    23.90706   -84.54935  -246.72263   374.48222   253.00618   -95.11194   -18.14271     9.74960    23.58868    25.20434    25.56986    22.32423    20.13002         NaN
     0.54589    -0.25613    -0.84522     2.90081    -5.96206     9.89052    14.61206   -19.38668   -24.06730   -25.70618   -24.78767   -12.48226   -14.47252   -90.84214   253.00618   397.91439  -275.58367  -100.51488   -37.36174     7.64690    11.25632    23.64318    17.99678    21.47402         NaN
    -0.60729     0.59712     0.01653    -1.68165     3.99356    -7.20878   -11.39292    15.30219    20.88509    22.44404    26.66720    18.24924   -12.29195    30.09065   -95.11194  -275.58367   418.80485   277.33600   103.45347    22.24729    -5.04311   -19.72169   -20.42204   -21.99135         NaN
    -0.83321     1.04915    -0.74706    -0.25338     2.02192    -4.65814    -8.04056    12.22155    16.94664    21.48821    25.70609    26.59753   -24.96993   -10.90563   -18.14271  -100.51488   277.33600   439.99370   299.03651   107.55002    46.15878    -1.86771    -2.53507   -17.26767         NaN
    -0.78387     1.08937    -1.06472     0.25259     0.94321    -3.12534    -5.83913     9.24076    13.64684    17.15619    22.62438    22.89145   -26.84273   -16.02528     9.74960   -37.36174   103.45347   299.03651   457.10939   294.06325   108.00963    26.74473     2.71527   -11.84376         NaN
    -0.83240     1.24901    -1.36689     1.03250    -0.16058    -1.40109    -3.55720     6.57221    10.14410    14.40689    18.90298    22.94440   -26.42779   -26.20940    23.58868     7.64690    22.24729   107.55002   294.06325   474.98938   313.23925   110.04937    56.56726     8.31423         NaN
    -0.74599     1.16074    -1.41107     1.13007    -0.62996    -0.70223    -2.30492     4.82352     7.83715    11.19379    15.63582    18.33604   -23.42394   -21.81873    25.20434    11.25632    -5.04311    46.15878   108.00963   313.23925   485.04370   296.73921   104.40715    31.62958         NaN
    -0.71874     1.17392    -1.47218     1.49990    -1.16390     0.33596    -0.93733     2.92420     5.36908     8.63567    12.19952    16.25203   -20.17183   -23.26668    25.56986    23.64318   -19.72169    -1.86771    26.74473   110.04937   296.73921   497.74451   307.25362   104.86805         NaN
    -0.62175     1.03028    -1.36843     1.37465    -1.25177     0.50733    -0.36658     2.07356     3.99261     6.63282     9.77214    12.66568   -16.80885   -18.05350    22.32423    17.99678   -20.42204    -2.53507     2.71527    56.56726   104.40715   307.25362   490.21637   265.66556         NaN
    -0.57203     0.99195    -1.33704     1.52226    -1.45477     1.06014     0.33678     0.91765     2.53744     4.86066     7.45928    10.71475   -13.95269   -17.27908    20.13002    21.47402   -21.99135   -17.26767   -11.84376     8.31423    31.62958   104.86805   265.66556   502.12380         NaN
         NaN         NaN         NaN         NaN         NaN         NaN         NaN         NaN         NaN         NaN         NaN         NaN         NaN         NaN         NaN         NaN         NaN         NaN         NaN         NaN         NaN         NaN         NaN         NaN         NaN
